0.9999993109271054
0.9999963693177449
0.9999910771439724
0.9999834332427936
0.9999734374882081
0.9999610898693421
0.9999463904037804
0.9999293391214149
0.9999099360601527
0.9998881812644876
0.9998640747849465
0.9998376166778453
0.9998088070051736
0.9997776458345351
0.9997441332391144
0.9997082692976585
0.9996700540944663
0.99962948771938
0.999586570267782
0.9995413018405906
0.999493682544259
0.9994437124907727
0.9993913917976489
0.9993367205879354
0.9992796989902097
0.9992203271385788
0.9991586051726777
0.9990945332376703
0.9990281114842473
0.998959340068627
0.9988882191525542
0.9988147489033
0.9987389294936611
0.9986607611019596
0.9985802439120424
0.998497378113281
0.9984121639005705
0.9983246014743298
0.9982346910405004
0.9981424328105467
0.9980478270014546
0.9979508738357318
0.9978515735414065
0.9977499263520277
0.9976459325066642
0.9975395922499035
0.9974309058318525
0.9973198735081354
0.9972064955398947
0.9970907721937891
0.9969727037419938
0.9968522904621994
0.9967295326376118
0.9966044305569507
0.9964769845144498
0.9963471948098552
0.9962150617484258
0.9960805856409314
0.9959437668036527
0.9958046055583807
0.9956631022324151
0.9955192571585644
0.9953730706751447
0.9952245431259791
0.9950736748603963
0.9949204662332309
0.9947649176048216
0.9946070293410103
0.9944468018131424
0.9942842353980644
0.9941193304781242
0.9939520874411695
0.9937825066805472
0.9936105885951024
0.9934363335891776
0.9932597420726115
0.9930808144607379
0.9928995511743856
0.9927159526398761
0.9925300192890237
0.9923417515591341
0.9921511498930031
0.9919582147389159
0.9917629465506459
0.9915653457874538
0.9913654129140863
0.9911631484007751
0.9909585527232359
0.990751626362667
0.9905423698057484
0.9903307835446408
0.990116868076984
0.9899006239058959
0.9896820515399719
0.9894611514932826
0.9892379242853735
0.9890123704412632
0.988784490491443
0.9885542849718744
0.9883217544239888
0.9880868993946862
0.9878497204363332
0.9876102181067625
0.9873683929692711
0.9871242455926191
0.9868777765510286
0.9866289864241818
0.9863778757972202
0.9861244452607431
0.9858686954108057
0.9856106268489184
0.9853502401820453
0.985087536022602
0.9848225149884552
0.9845551777029206
0.9842855247947615
0.9840135568981877
0.9837392746528534
0.9834626787038562
0.9831837697017355
0.9829025483024707
0.9826190151674798
0.9823331709636184
0.9820450163631769
0.9817545520438798
0.9814617786888845
0.9811666969867784
0.9808693076315785
0.980569611322729
0.9802676087651002
0.9799633006689862
0.9796566877501041
0.9793477707295912
0.9790365503340046
0.9787230272953183
0.9784072023509225
0.9780890762436206
0.977768649721629
0.9774459235385742
0.9771208984534914
0.9767935752308226
0.976463954640415
0.9761320374575193
0.9757978244627873
0.9754613164422706
0.9751225141874188
0.9747814184950769
0.9744380301674844
0.9740923500122729
0.9737443788424639
0.9733941174764678
0.9730415667380808
0.9726867274564843
0.9723296004662416
0.9719701866072969
0.9716084867249729
0.971244501669969
0.970878232298359
0.9705096794715896
0.9701388440564778
0.9697657269252092
0.9693903289553359
0.9690126510297746
0.968632694036804
0.9682504588700632
0.9678659464285495
0.9674791576166162
0.9670900933439704
0.9666987545256711
0.966305142082127
0.9659092569390939
0.9655111000276733
0.9651106722843094
0.9647079746507874
0.9643030080742314
0.9638957735071016
0.9634862719071927
0.9630745042376311
0.9626604714668729
0.9622441745687018
0.9618256145222264
0.961404792311878
0.960981708927409
0.9605563653638891
0.9601287626217045
0.9596989017065547
0.9592667836294501
0.9588324094067099
0.9583957800599598
0.9579568966161294
0.9575157601074497
0.9570723715714508
0.9566267320509595
0.9561788425940969
0.9557287042542757
0.9552763180901979
0.9548216851658521
0.9543648065505114
0.9539056833187306
0.9534443165503438
0.9529807073304615
0.9525148567494686
0.9520467659030213
0.9515764358920451
0.9511038678227317
0.9506290628065366
0.9501520219601767
0.9496727464056272
0.9491912372701191
0.9487074956861372
0.9482215227914164
0.9477333197289396
0.9472428876469352
0.946750227698874
0.9462553410434664
0.9457582288446603
0.9452588922716378
0.9447573324988123
0.9442535507058266
0.9437475480775492
0.943239325804072
0.9427288850807073
0.9422162271079852
0.9417013530916508
0.9411842642426609
0.9406649617771814
0.940143446916585
0.9396197208874475
0.9390937849215453
0.9385656402558524
0.9380352881325377
0.9375027297989618
0.9369679665076741
0.9364309995164103
0.9358918300880887
0.935350459490808
0.9348068889978434
0.9342611198876447
0.9337131534438324
0.9331629909551951
0.9326106337156864
0.932056083024422
0.931499340185676
0.9309404065088789
0.9303792833086134
0.9298159719046123
0.9292504736217548
0.9286827897900634
0.9281129217447009
0.9275408708259675
0.926966638379297
0.9263902257552546
0.9258116343095326
0.9252308654029482
0.9246479204014395
0.9240628006760629
0.9234755076029897
0.9228860425635026
0.9222944069439928
0.9217006021359565
0.9211046295359918
0.9205064905457953
0.9199061865721587
0.9193037190269659
0.9186990893271891
0.9180922988948863
0.9174833491571966
0.9168722415463385
0.9162589774996052
0.9156435584593619
0.9150259858730422
0.9144062611931446
0.9137843858772297
0.9131603613879156
0.9125341891928757
0.9119058707648342
0.9112754075815637
0.9106428011258806
0.9100080528856426
0.9093711643537445
0.9087321370281151
0.9080909724117133
0.9074476720125252
0.9068022373435598
0.9061546699228459
0.9055049712734283
0.9048531429233648
0.9041991864057215
0.9035431032585703
0.9028848950249846
0.9022245632530361
0.9015621094957906
0.9008975353113052
0.9002308422626237
0.8995620319177734
0.8988911058497617
0.8982180656365717
0.8975429128611591
0.8968656491114479
0.8961862759803277
0.8955047950656485
0.8948212079702181
0.8941355163017979
0.8934477216730988
0.8927578257017783
0.8920658300104358
0.8913717362266093
0.8906755459827711
0.8899772609163246
0.8892768826696
0.8885744128898507
0.8878698532292488
0.8871632053448824
0.8864544708987502
0.8857436515577591
0.8850307489937191
0.8843157648833402
0.8835987009082276
0.8828795587548787
0.8821583401146783
0.8814350466838954
0.8807096801636785
0.8799822422600517
0.8792527346839116
0.8785211591510219
0.8777875173820102
0.8770518111023639
0.8763140420424259
0.8755742119373907
0.8748323225273003
0.87408837555704
0.8733423727763344
0.8725943159397433
0.8718442068066578
0.8710920471412951
0.8703378387126961
0.8695815832947195
0.8688232826660389
0.8680629386101379
0.8673005529153065
0.8665361273746359
0.8657696637860155
0.8650011639521277
0.8642306296804441
0.8634580627832216
0.8626834650774969
0.861906838385084
0.8611281845325683
0.8603475053513034
0.8595648026774061
0.8587800783517522
0.8579933342199728
0.8572045721324492
0.8564137939443086
0.8556210015154206
0.8548261967103915
0.8540293813985611
0.8532305574539975
0.852429726755493
0.8516268911865601
0.8508220526354261
0.8500152129950297
0.8492063741630155
0.8483955380417306
0.8475827065382193
0.8467678815642192
0.8459510650361564
0.8451322588751407
0.8443114650069616
0.843488685362084
0.8426639218756427
0.8418371764874383
0.8410084511419333
0.8401777477882466
0.8393450683801492
0.83851041487606
0.8376737892390407
0.836835193436791
0.8359946294416449
0.8351520992305654
0.8343076047851394
0.8334611480915743
0.8326127311406921
0.8317623559279255
0.8309100244533125
0.8300557387214929
0.8291995007417019
0.8283413125277671
0.8274811760981025
0.8266190934757043
0.8257550666881458
0.8248890977675735
0.824021188750701
0.8231513416788053
0.8222795585977216
0.8214058415578385
0.8205301926140928
0.8196526138259654
0.8187731072574762
0.8178916749771789
0.8170083190581562
0.8161230415780156
0.8152358446188835
0.8143467302674013
0.8134557006147197
0.812562757756494
0.8116679037928795
0.8107711408285262
0.809872470972574
0.8089718963386479
0.8080694190448523
0.8071650412137671
0.806258764972442
0.8053505924523916
0.8044405257895906
0.8035285671244682
0.8026147186019041
0.8016989823712224
0.8007813605861871
0.7998618554049971
0.7989404689902807
0.7980172035090909
0.7970920611329002
0.7961650440375954
0.7952361544034725
0.7943053944152316
0.793372766261972
0.7924382721371864
0.7915019142387567
0.7905636947689478
0.7896236159344034
0.7886816799461399
0.7877378890195418
0.7867922453743564
0.7858447512346884
0.7848954088289948
0.7839442203900796
0.7829911881550885
0.7820363143655038
0.7810796012671393
0.7801210511101343
0.779160666148949
0.7781984486423588
0.7772344008534495
0.7762685250496113
0.7753008235025339
0.7743312984882011
0.7733599522868854
0.7723867871831425
0.7714118054658061
0.7704350094279828
0.769456401367046
0.7684759835846309
0.7674937583866293
0.7665097280831837
0.7655238949886825
0.7645362614217538
0.7635468297052603
0.7625556021662943
0.761562581136171
0.7605677689504248
0.7595711679488019
0.7585727804752562
0.7575726088779432
0.7565706555092144
0.7555669227256123
0.754561412887864
0.7535541283608767
0.7525450715137308
0.7515342447196761
0.7505216503561244
0.7495072908046451
0.7484911684509592
0.7474732856849335
0.7464536449005756
0.7454322484960276
0.7444090988735608
0.7433841984395699
0.7423575496045673
0.7413291547831782
0.7402990163941333
0.7392671368602647
0.7382335186084996
0.7371981640698543
0.7361610756794289
0.7351222558764013
0.734081707104022
0.7330394318096074
0.731995432444535
0.7309497114642369
0.7299022713281946
0.728853114499933
0.7278022434470142
0.7267496606410324
0.7256953685576079
0.7246393696763804
0.7235816664810051
0.7225222614591443
0.7214611571024641
0.7203983559066263
0.7193338603712844
0.7182676730000768
0.7171997963006203
0.7161302327845058
0.7150589849672909
0.7139860553684949
0.7129114465115927
0.711835160924008
0.7107572011371091
0.7096775696862009
0.7085962691105208
0.7075133019532316
0.7064286707614158
0.7053423780860694
0.7042544264820964
0.7031648185083025
0.702073556727389
0.7009806437059471
0.6998860820144512
0.6987898742272537
0.6976920229225781
0.696592530682514
0.6954914000930098
0.6943886337438675
0.6932842342287361
0.6921782041451061
0.6910705460943027
0.6899612626814801
0.6888503565156152
0.6877378302095016
0.6866236863797435
0.6855079276467491
0.684390556634725
0.68327157597167
0.6821509882893682
0.6810287962233837
0.6799050024130541
0.6787796095014837
0.6776526201355385
0.6765240369658388
0.6753938626467536
0.6742620998363942
0.6731287511966078
0.6719938193929715
0.6708573070947862
0.6697192169750696
0.6685795517105505
0.6674383139816625
0.6662955064725373
0.6651511318709989
0.664005192868557
0.6628576921604004
0.6617086324453911
0.660558016426058
0.6594058468085902
0.6582521263028307
0.6570968576222703
0.6559400434840408
0.6547816866089089
0.6536217897212701
0.6524603555491412
0.6512973868241553
0.6501328862815543
0.6489668566601829
0.6477993007024826
0.6466302211544838
0.6454596207658012
0.6442875022896259
0.64311386848272
0.6419387221054088
0.6407620659215758
0.6395839026986551
0.6384042352076255
0.6372230662230034
0.6360403985228371
0.6348562348886996
0.6336705781056822
0.6324834309623879
0.6312947962509253
0.6301046767669015
0.6289130753094154
0.6277199946810521
0.6265254376878751
0.6253294071394203
0.6241319058486894
0.6229329366321433
0.6217325023096953
0.6205306057047046
0.6193272496439696
0.6181224369577211
0.6169161704796159
0.6157084530467302
0.6144992874995526
0.6132886766819777
0.6120766234412992
0.6108631306282034
0.6096482010967623
0.6084318377044271
0.6072140433120212
0.6059948207837338
0.6047741729871129
0.6035521027930588
0.602328613075817
0.6011037067129718
0.5998773865854392
0.5986496555774606
0.5974205165765955
0.5961899724737149
0.5949580261629946
0.5937246805419084
0.5924899385112211
0.5912538029749818
0.5900162768405169
0.5887773630184239
0.5875370644225634
0.5862953839700533
0.5850523245812619
0.5838078891797999
0.5825620806925147
0.5813149020494833
0.5800663561840051
0.578816446032595
0.5775651745349768
0.576312544634076
0.575058559276013
0.5738032214100963
0.5725465339888154
0.5712884999678336
0.5700291223059818
0.5687684039652506
0.5675063479107844
0.566242957110873
0.5649782345369462
0.5637121831635657
0.5624448059684187
0.5611761059323103
0.5599060860391571
0.5586347492759801
0.5573620986328972
0.5560881371031164
0.5548128676829294
0.5535362933717033
0.5522584171718746
0.5509792420889419
0.5496987711314585
0.5484170073110254
0.5471339536422847
0.5458496131429117
0.5445639888336089
0.5432770837380976
0.5419889008831118
0.5406994432983906
0.5394087140166715
0.5381167160736824
0.5368234525081352
0.5355289263617191
0.5342331406790921
0.5329360985078746
0.5316378028986428
0.5303382569049202
0.5290374635831716
0.5277354259927953
0.526432147196116
0.5251276302583778
0.5238218782477367
0.5225148942352535
0.521206681294887
0.5198972425034858
0.5185865809407818
0.5172746996893833
0.5159616018347665
0.5146472904652695
0.5133317686720843
0.5120150395492498
0.5106971061936443
0.5093779717049789
0.5080576391857892
0.5067361117414287
0.5054133924800615
0.5040894845126543
0.5027643909529699
0.5014381149175597
0.5001106595257558
0.4987820278996645
0.497452223164158
0.4961212484468685
0.4947891068781789
0.4934558015912173
0.4921213357218481
0.4907857124086659
0.4894489347929876
0.4881110060188441
0.486771929232975
0.4854317075848188
0.4840903442265075
0.4827478423128579
0.4814042050013649
0.4800594354521934
0.4787135368281717
0.4773665122947833
0.47601836502016
0.4746690981750743
0.4733187149329314
0.4719672184697626
0.4706146119642177
0.4692608985975565
0.4679060815536428
0.4665501640189356
0.465193149182483
0.4638350402359128
0.462475840373427
0.4611155527917929
0.4597541806903365
0.4583917272709338
0.457028195738005
0.4556635892985049
0.4542979111619173
0.4529311645402462
0.4515633526480084
0.4501944787022266
0.4488245459224212
0.4474535575306028
0.446081516751265
0.4447084268113765
0.4433342909403732
0.4419591123701513
0.4405828943350597
0.4392056400718915
0.4378273528198772
0.4364480358206769
0.4350676923183722
0.4336863255594595
0.4323039387928417
0.4309205352698206
0.4295361182440895
0.4281506909717251
0.4267642567111806
0.4253768187232773
0.4239883802711972
0.4225989446204752
0.4212085150389922
0.419817094796966
0.4184246871669447
0.4170312954237991
0.4156369228447135
0.4142415727091806
0.4128452482989907
0.4114479528982267
0.4100496897932546
0.4086504622727165
0.4072502736275231
0.405849127150845
0.4044470261381063
0.4030439738869755
0.4016399736973585
0.400235028871391
0.3988291427134302
0.3974223185300473
0.3960145596300196
0.3946058693243231
0.3931962509261238
0.3917857077507713
0.3903742431157898
0.3889618603408707
0.3875485627478649
0.386134353660775
0.3847192364057474
0.3833032143110641
0.3818862907071356
0.3804684689264926
0.3790497523037782
0.3776301441757405
0.3762096478812236
0.3747882667611612
0.3733660041585679
0.3719428634185314
0.3705188478882048
0.3690939609167985
0.3676682058555729
0.3662415860578294
0.3648141048789041
0.3633857656761584
0.3619565718089718
0.3605265266387342
0.3590956335288372
0.3576638958446676
0.3562313169535973
0.3547979002249783
0.3533636490301315
0.3519285667423416
0.3504926567368477
0.349055922390835
0.3476183670834285
0.3461799941956836
0.3447408071105781
0.3433008092130059
0.3418600038897667
0.3404183945295603
0.3389759845229766
0.337532777262489
0.336088776142446
0.3346439845590635
0.3331984059104162
0.3317520435964295
0.3303049010188728
0.3288569815813505
0.3274082886892933
0.325958825749952
0.3245085961723878
0.3230576033674659
0.3216058507478454
0.3201533417279733
0.3187000797240754
0.3172460681541483
0.3157913104379518
0.3143358099970002
0.3128795702545551
0.3114225946356167
0.3099648865669161
0.3085064494769069
0.307047286795757
0.3055874019553415
0.3041267983892337
0.3026654795326974
0.3012034488226785
0.2997407096977972
0.2982772655983401
0.2968131199662513
0.2953482762451257
0.2938827378801995
0.2924165083183428
0.2909495910080512
0.2894819893994381
0.2880137069442263
0.2865447470957398
0.2850751133088957
0.2836048090401965
0.2821338377477214
0.2806622028911183
0.2791899079315962
0.2777169563319162
0.276243351556384
0.2747690970708414
0.2732941963426583
0.2718186528407247
0.2703424700354422
0.2688656513987159
0.2673882004039468
0.2659101205260228
0.2644314152413109
0.2629520880276492
0.2614721423643382
0.2599915817321334
0.2585104096132367
0.2570286294912875
0.2555462448513561
0.2540632591799337
0.2525796759649259
0.2510954986956433
0.2496107308627935
0.2481253759584736
0.2466394374761611
0.2451529189107058
0.2436658237583226
0.2421781555165816
0.2406899176844015
0.2392011137620403
0.2377117472510875
0.2362218216544555
0.2347313404763723
0.233240307222372
0.2317487253992871
0.230256598515241
0.2287639300796383
0.2272707236031576
0.2257769825977431
0.2242827105765959
0.2227879110541666
0.2212925875461453
0.2197967435694556
0.2183003826422447
0.2168035082838759
0.2153061240149201
0.2138082333571467
0.212309839833517
0.210810946968175
0.2093115582864386
0.2078116773147919
0.2063113075808773
0.2048104526134863
0.2033091159425521
0.2018073010991402
0.2003050116154411
0.1988022510247616
0.1972990228615169
0.1957953306612211
0.1942911779604803
0.1927865682969838
0.1912815052094947
0.1897759922378437
0.1882700329229191
0.1867636308066587
0.1852567894320421
0.1837495123430818
0.1822418030848156
0.1807336652032968
0.1792251022455879
0.1777161177597502
0.1762067152948369
0.1746968984008841
0.1731866706289032
0.1716760355308706
0.1701649966597223
0.1686535575693428
0.1671417218145585
0.1656294929511285
0.1641168745357365
0.1626038701259823
0.1610904832803739
0.1595767175583185
0.1580625765201144
0.1565480637269424
0.1550331827408583
0.1535179371247831
0.1520023304424961
0.1504863662586252
0.1489700481386397
0.1474533796488408
0.145936364356354
0.1444190058291203
0.1429013076358885
0.1413832733462058
0.1398649065304096
0.1383462107596203
0.1368271896057311
0.135307846641401
0.1337881854400457
0.1322682095758291
0.1307479226236559
0.1292273281591617
0.1277064297587059
0.1261852309993624
0.1246637354589115
0.1231419467158319
0.1216198683492915
0.1200975039391398
0.1185748570658986
0.1170519313107542
0.1155287302555488
0.1140052574827724
0.1124815165755534
0.1109575111176518
0.1094332446934487
0.10790872088794
0.106383943286726
0.104858915476005
0.1033336410425627
0.1018081235737652
0.1002823666575509
0.0987563738824204
0.09723014883742949
0.09570369511218005
0.09417701629681234
0.0926501159819952
0.09112299775891902
0.08959566521928655
0.08806812195530456
0.08654037155967521
0.0850124176255883
0.08348426374671208
0.08195591351718508
0.08042737053160741
0.07889863838503298
0.07736972067296038
0.07584062099132464
0.07431134293648853
0.07278189010523481
0.07125226609475707
0.06972247450265132
0.06819251892690809
0.06666240296590341
0.06513213021839055
0.06360170428349128
0.0620711287606881
0.0605404072498149
0.05900954335104937
0.05747854066490366
0.05594740279221674
0.05441613333414537
0.05288473589215552
0.05135321406801441
0.04982157146378204
0.04828981168180224
0.04675793832469421
0.04522595499534451
0.04369386529689854
0.04216167283275148
0.04062938120654039
0.0390969940221358
0.03756451488363252
0.03603194739534189
0.034499295161783
0.03296656178767451
0.03143375087792526
0.02990086603762729
0.02836791087204591
0.02683488898661202
0.02530180398691346
0.02376865947868649
0.02223545906780736
0.02070220636028377
0.01916890496224644
0.01763555847994059
0.01610217051971751
0.01456874468802578
0.01303528459140374
0.01150179383646943
0.00996827602991366
0.008434734778490424
0.006901173689009516
0.005367596368326505
0.003834006423335578
0.002300407460960835
0.0007668030881473654
-0.0007668030881472429
-0.002300407460960713
-0.003834006423335456
-0.005367596368326382
-0.006901173689009393
-0.008434734778490303
-0.009968276029913539
-0.01150179383646931
-0.01303528459140362
-0.01456874468802566
-0.01610217051971738
-0.01763555847994047
-0.01916890496224631
-0.02070220636028364
-0.02223545906780723
-0.02376865947868637
-0.02530180398691333
-0.0268348889866119
-0.02836791087204579
-0.02990086603762717
-0.03143375087792513
-0.03296656178767439
-0.03449929516178287
-0.03603194739534176
-0.0375645148836324
-0.03909699402213567
-0.04062938120654026
-0.04216167283275135
-0.04369386529689841
-0.04522595499534438
-0.04675793832469408
-0.04828981168180212
-0.04982157146378192
-0.05135321406801429
-0.05288473589215539
-0.05441613333414524
-0.05594740279221662
-0.05747854066490354
-0.05900954335104925
-0.06054040724981478
-0.06207112876068797
-0.06360170428349117
-0.06513213021839044
-0.0666624029659033
-0.06819251892690797
-0.0697224745026512
-0.07125226609475696
-0.0727818901052347
-0.07431134293648842
-0.07584062099132453
-0.07736972067296027
-0.07889863838503287
-0.0804273705316073
-0.08195591351718497
-0.08348426374671197
-0.08501241762558819
-0.0865403715596751
-0.08806812195530445
-0.08959566521928644
-0.09112299775891891
-0.09265011598199509
-0.09417701629681223
-0.09570369511217994
-0.09723014883742939
-0.09875637388242028
-0.1002823666575508
-0.1018081235737651
-0.1033336410425625
-0.1048589154760049
-0.1063839432867259
-0.1079087208879398
-0.1094332446934486
-0.1109575111176517
-0.1124815165755533
-0.1140052574827723
-0.1155287302555486
-0.1170519313107541
-0.1185748570658985
-0.1200975039391397
-0.1216198683492914
-0.1231419467158318
-0.1246637354589114
-0.1261852309993622
-0.1277064297587058
-0.1292273281591616
-0.1307479226236558
-0.132268209575829
-0.1337881854400456
-0.1353078466414009
-0.136827189605731
-0.1383462107596202
-0.1398649065304095
-0.1413832733462057
-0.1429013076358884
-0.1444190058291202
-0.1459363643563539
-0.1474533796488407
-0.1489700481386396
-0.1504863662586251
-0.152002330442496
-0.153517937124783
-0.1550331827408582
-0.1565480637269423
-0.1580625765201143
-0.1595767175583185
-0.1610904832803738
-0.1626038701259822
-0.1641168745357364
-0.1656294929511284
-0.1671417218145584
-0.1686535575693427
-0.1701649966597222
-0.1716760355308705
-0.1731866706289031
-0.174696898400884
-0.1762067152948368
-0.1777161177597501
-0.1792251022455878
-0.1807336652032967
-0.1822418030848155
-0.1837495123430817
-0.185256789432042
-0.1867636308066586
-0.188270032922919
-0.1897759922378436
-0.1912815052094946
-0.1927865682969837
-0.1942911779604802
-0.195795330661221
-0.1972990228615168
-0.1988022510247615
-0.200305011615441
-0.2018073010991401
-0.203309115942552
-0.2048104526134862
-0.2063113075808772
-0.2078116773147918
-0.2093115582864385
-0.2108109469681748
-0.2123098398335169
-0.2138082333571466
-0.2153061240149199
-0.2168035082838758
-0.2183003826422446
-0.2197967435694555
-0.2212925875461451
-0.2227879110541665
-0.2242827105765958
-0.225776982597743
-0.2272707236031575
-0.2287639300796382
-0.2302565985152409
-0.231748725399287
-0.2332403072223719
-0.2347313404763722
-0.2362218216544554
-0.2377117472510874
-0.2392011137620402
-0.2406899176844014
-0.2421781555165815
-0.2436658237583225
-0.2451529189107057
-0.246639437476161
-0.2481253759584735
-0.2496107308627934
-0.2510954986956432
-0.2525796759649258
-0.2540632591799336
-0.255546244851356
-0.2570286294912874
-0.2585104096132366
-0.2599915817321333
-0.2614721423643381
-0.2629520880276491
-0.2644314152413108
-0.2659101205260227
-0.2673882004039467
-0.2688656513987158
-0.270342470035442
-0.2718186528407245
-0.2732941963426582
-0.2747690970708413
-0.2762433515563839
-0.2777169563319161
-0.2791899079315961
-0.2806622028911182
-0.2821338377477213
-0.2836048090401964
-0.2850751133088956
-0.2865447470957397
-0.2880137069442262
-0.289481989399438
-0.2909495910080511
-0.2924165083183426
-0.2938827378801994
-0.2953482762451256
-0.2968131199662511
-0.29827726559834
-0.2997407096977971
-0.3012034488226784
-0.3026654795326973
-0.3041267983892336
-0.3055874019553414
-0.3070472867957569
-0.3085064494769068
-0.309964886566916
-0.3114225946356166
-0.312879570254555
-0.3143358099970001
-0.3157913104379517
-0.3172460681541482
-0.3187000797240754
-0.3201533417279732
-0.3216058507478453
-0.3230576033674658
-0.3245085961723878
-0.3259588257499519
-0.3274082886892932
-0.3288569815813503
-0.3303049010188727
-0.3317520435964294
-0.3331984059104161
-0.3346439845590634
-0.3360887761424459
-0.3375327772624889
-0.3389759845229764
-0.3404183945295602
-0.3418600038897666
-0.3433008092130058
-0.344740807110578
-0.3461799941956835
-0.3476183670834284
-0.349055922390835
-0.3504926567368475
-0.3519285667423415
-0.3533636490301314
-0.3547979002249781
-0.3562313169535972
-0.3576638958446675
-0.3590956335288371
-0.3605265266387341
-0.3619565718089717
-0.3633857656761583
-0.364814104878904
-0.3662415860578293
-0.3676682058555728
-0.3690939609167984
-0.3705188478882047
-0.3719428634185313
-0.3733660041585678
-0.3747882667611611
-0.3762096478812235
-0.3776301441757404
-0.3790497523037781
-0.3804684689264924
-0.3818862907071355
-0.383303214311064
-0.3847192364057473
-0.386134353660775
-0.3875485627478648
-0.3889618603408706
-0.3903742431157897
-0.3917857077507712
-0.3931962509261237
-0.394605869324323
-0.3960145596300195
-0.3974223185300472
-0.3988291427134301
-0.4002350288713909
-0.4016399736973584
-0.4030439738869754
-0.4044470261381062
-0.405849127150845
-0.407250273627523
-0.4086504622727163
-0.4100496897932545
-0.4114479528982266
-0.4128452482989906
-0.4142415727091805
-0.4156369228447134
-0.4170312954237987
-0.4184246871669448
-0.4198170947969659
-0.4212085150389921
-0.4225989446204753
-0.4239883802711969
-0.4253768187232772
-0.4267642567111807
-0.428150690971725
-0.4295361182440895
-0.4309205352698205
-0.4323039387928418
-0.4336863255594594
-0.4350676923183719
-0.4364480358206768
-0.4378273528198771
-0.4392056400718914
-0.4405828943350596
-0.4419591123701512
-0.4433342909403731
-0.4447084268113761
-0.4460815167512647
-0.4474535575306026
-0.4488245459224211
-0.4501944787022265
-0.4515633526480081
-0.4529311645402458
-0.4542979111619174
-0.4556635892985048
-0.4570281957380048
-0.4583917272709339
-0.4597541806903361
-0.4611155527917928
-0.4624758403734267
-0.4638350402359125
-0.4651931491824829
-0.4665501640189357
-0.4679060815536428
-0.4692608985975564
-0.4706146119642178
-0.4719672184697628
-0.4733187149329315
-0.4746690981750742
-0.4760183650201601
-0.477366512294783
-0.4787135368281714
-0.4800594354521932
-0.4814042050013645
-0.4827478423128577
-0.4840903442265073
-0.4854317075848186
-0.4867719292329748
-0.4881110060188439
-0.4894489347929873
-0.4907857124086659
-0.4921213357218477
-0.493455801591217
-0.4947891068781789
-0.4961212484468681
-0.4974522231641579
-0.4987820278996641
-0.5001106595257556
-0.5014381149175593
-0.5027643909529699
-0.504089484512654
-0.5054133924800612
-0.5067361117414287
-0.5080576391857892
-0.5093779717049787
-0.5106971061936442
-0.5120150395492493
-0.5133317686720841
-0.5146472904652692
-0.5159616018347665
-0.517274699689383
-0.5185865809407818
-0.5198972425034856
-0.5212066812948867
-0.5225148942352533
-0.5238218782477365
-0.5251276302583775
-0.5264321471961159
-0.527735425992795
-0.5290374635831715
-0.5303382569049199
-0.5316378028986425
-0.5329360985078745
-0.5342331406790918
-0.5355289263617191
-0.536823452508135
-0.5381167160736822
-0.5394087140166712
-0.5406994432983905
-0.5419889008831115
-0.5432770837380976
-0.5445639888336086
-0.5458496131429117
-0.5471339536422843
-0.5484170073110251
-0.5496987711314584
-0.5509792420889419
-0.5522584171718744
-0.553536293371703
-0.5548128676829293
-0.5560881371031161
-0.5573620986328968
-0.5586347492759799
-0.559906086039157
-0.56117610593231
-0.5624448059684184
-0.5637121831635655
-0.5649782345369462
-0.5662429571108729
-0.5675063479107842
-0.5687684039652505
-0.5700291223059818
-0.5712884999678335
-0.5725465339888151
-0.5738032214100961
-0.5750585592760128
-0.5763125446340759
-0.5775651745349765
-0.5788164460325949
-0.5800663561840051
-0.5813149020494833
-0.5825620806925144
-0.5838078891797998
-0.5850523245812618
-0.5862953839700533
-0.5875370644225633
-0.5887773630184235
-0.5900162768405168
-0.5912538029749814
-0.5924899385112211
-0.5937246805419082
-0.5949580261629944
-0.5961899724737149
-0.5974205165765951
-0.5986496555774605
-0.5998773865854391
-0.6011037067129715
-0.6023286130758168
-0.6035521027930586
-0.6047741729871129
-0.6059948207837336
-0.607214043312021
-0.6084318377044269
-0.6096482010967623
-0.6108631306282032
-0.6120766234412989
-0.6132886766819775
-0.6144992874995524
-0.6157084530467298
-0.6169161704796156
-0.6181224369577207
-0.6193272496439692
-0.6205306057047045
-0.621732502309695
-0.6229329366321433
-0.6241319058486892
-0.62532940713942
-0.6265254376878749
-0.627719994681052
-0.6289130753094153
-0.6301046767669013
-0.6312947962509251
-0.6324834309623879
-0.6336705781056818
-0.6348562348886996
-0.6360403985228369
-0.6372230662230032
-0.6384042352076252
-0.6395839026986549
-0.6407620659215757
-0.6419387221054087
-0.64311386848272
-0.6442875022896257
-0.6454596207658011
-0.6466302211544837
-0.6477993007024825
-0.6489668566601828
-0.650132886281554
-0.6512973868241551
-0.6524603555491411
-0.6536217897212698
-0.6547816866089089
-0.6559400434840406
-0.6570968576222701
-0.6582521263028306
-0.65940584680859
-0.660558016426058
-0.6617086324453908
-0.6628576921604001
-0.6640051928685566
-0.6651511318709986
-0.6662955064725373
-0.6674383139816624
-0.6685795517105505
-0.6697192169750694
-0.6708573070947861
-0.6719938193929713
-0.6731287511966075
-0.674262099836394
-0.6753938626467535
-0.6765240369658385
-0.6776526201355383
-0.6787796095014837
-0.6799050024130538
-0.6810287962233834
-0.6821509882893682
-0.6832715759716698
-0.6843905566347248
-0.6855079276467489
-0.6866236863797432
-0.6877378302095013
-0.6888503565156151
-0.6899612626814797
-0.6910705460943025
-0.6921782041451058
-0.693284234228736
-0.6943886337438674
-0.6954914000930098
-0.6965925306825138
-0.6976920229225779
-0.6987898742272536
-0.699886082014451
-0.7009806437059469
-0.702073556727389
-0.7031648185083025
-0.7042544264820961
-0.7053423780860691
-0.7064286707614155
-0.7075133019532317
-0.7085962691105206
-0.7096775696862008
-0.7107572011371088
-0.7118351609240079
-0.7129114465115927
-0.7139860553684949
-0.7150589849672908
-0.7161302327845058
-0.7171997963006203
-0.7182676730000765
-0.7193338603712844
-0.7203983559066263
-0.7214611571024638
-0.7225222614591442
-0.7235816664810051
-0.7246393696763804
-0.7256953685576077
-0.7267496606410324
-0.7278022434470142
-0.7288531144999328
-0.7299022713281946
-0.7309497114642369
-0.731995432444535
-0.7330394318096073
-0.734081707104022
-0.7351222558764012
-0.7361610756794289
-0.7371981640698542
-0.7382335186084996
-0.7392671368602646
-0.7402990163941333
-0.7413291547831782
-0.7423575496045673
-0.7433841984395697
-0.7444090988735608
-0.7454322484960275
-0.7464536449005756
-0.7474732856849335
-0.7484911684509592
-0.7495072908046452
-0.7505216503561243
-0.7515342447196759
-0.7525450715137308
-0.7535541283608767
-0.7545614128878638
-0.7555669227256123
-0.7565706555092142
-0.7575726088779431
-0.758572780475256
-0.7595711679488018
-0.7605677689504245
-0.761562581136171
-0.762555602166294
-0.7635468297052602
-0.7645362614217537
-0.7655238949886825
-0.7665097280831836
-0.7674937583866291
-0.7684759835846307
-0.7694564013670457
-0.7704350094279828
-0.7714118054658061
-0.7723867871831424
-0.7733599522868853
-0.7743312984882011
-0.7753008235025338
-0.7762685250496113
-0.7772344008534493
-0.7781984486423588
-0.779160666148949
-0.7801210511101343
-0.7810796012671392
-0.7820363143655038
-0.7829911881550884
-0.7839442203900796
-0.7848954088289948
-0.7858447512346884
-0.7867922453743563
-0.7877378890195417
-0.7886816799461398
-0.7896236159344034
-0.7905636947689478
-0.7915019142387566
-0.7924382721371863
-0.793372766261972
-0.7943053944152314
-0.7952361544034723
-0.7961650440375952
-0.7970920611329003
-0.798017203509091
-0.7989404689902806
-0.7998618554049971
-0.800781360586187
-0.8016989823712224
-0.8026147186019041
-0.8035285671244681
-0.8044405257895904
-0.8053505924523915
-0.8062587649724421
-0.8071650412137671
-0.8080694190448521
-0.8089718963386476
-0.809872470972574
-0.8107711408285262
-0.8116679037928793
-0.812562757756494
-0.8134557006147196
-0.8143467302674012
-0.8152358446188834
-0.8161230415780156
-0.8170083190581562
-0.8178916749771789
-0.8187731072574762
-0.8196526138259653
-0.8205301926140925
-0.8214058415578384
-0.8222795585977215
-0.8231513416788052
-0.824021188750701
-0.8248890977675735
-0.8257550666881458
-0.8266190934757042
-0.8274811760981025
-0.828341312527767
-0.8291995007417019
-0.8300557387214927
-0.8309100244533124
-0.8317623559279252
-0.8326127311406921
-0.8334611480915743
-0.8343076047851394
-0.8351520992305653
-0.8359946294416449
-0.836835193436791
-0.8376737892390406
-0.83851041487606
-0.8393450683801491
-0.8401777477882466
-0.8410084511419331
-0.8418371764874382
-0.8426639218756425
-0.8434886853620839
-0.8443114650069617
-0.8451322588751405
-0.8459510650361562
-0.8467678815642191
-0.8475827065382192
-0.8483955380417305
-0.8492063741630155
-0.8500152129950296
-0.8508220526354262
-0.8516268911865602
-0.8524297267554931
-0.8532305574539975
-0.854029381398561
-0.8548261967103915
-0.8556210015154206
-0.8564137939443086
-0.857204572132449
-0.8579933342199728
-0.8587800783517522
-0.859564802677406
-0.8603475053513034
-0.8611281845325683
-0.8619068383850839
-0.8626834650774969
-0.8634580627832215
-0.864230629680444
-0.8650011639521276
-0.8657696637860154
-0.8665361273746358
-0.8673005529153064
-0.8680629386101379
-0.8688232826660388
-0.8695815832947195
-0.8703378387126961
-0.8710920471412951
-0.8718442068066576
-0.8725943159397433
-0.8733423727763344
-0.87408837555704
-0.8748323225273003
-0.8755742119373907
-0.8763140420424258
-0.8770518111023637
-0.8777875173820102
-0.8785211591510219
-0.8792527346839116
-0.8799822422600518
-0.8807096801636785
-0.8814350466838954
-0.8821583401146782
-0.8828795587548786
-0.8835987009082276
-0.8843157648833401
-0.8850307489937191
-0.885743651557759
-0.8864544708987502
-0.8871632053448824
-0.8878698532292487
-0.8885744128898505
-0.8892768826696
-0.8899772609163246
-0.8906755459827711
-0.8913717362266093
-0.8920658300104358
-0.8927578257017782
-0.8934477216730987
-0.8941355163017979
-0.8948212079702181
-0.8955047950656485
-0.8961862759803277
-0.8968656491114479
-0.8975429128611591
-0.8982180656365716
-0.8988911058497616
-0.8995620319177734
-0.9002308422626235
-0.9008975353113051
-0.9015621094957905
-0.902224563253036
-0.9028848950249846
-0.9035431032585702
-0.9041991864057214
-0.9048531429233647
-0.9055049712734282
-0.9061546699228459
-0.9068022373435598
-0.9074476720125252
-0.9080909724117133
-0.908732137028115
-0.9093711643537444
-0.9100080528856425
-0.9106428011258805
-0.9112754075815636
-0.9119058707648342
-0.9125341891928755
-0.9131603613879155
-0.9137843858772295
-0.9144062611931447
-0.9150259858730421
-0.9156435584593617
-0.9162589774996052
-0.9168722415463385
-0.9174833491571966
-0.9180922988948863
-0.9186990893271891
-0.9193037190269658
-0.9199061865721586
-0.9205064905457951
-0.9211046295359917
-0.9217006021359565
-0.9222944069439928
-0.9228860425635026
-0.9234755076029897
-0.9240628006760629
-0.9246479204014394
-0.9252308654029482
-0.9258116343095325
-0.9263902257552546
-0.926966638379297
-0.9275408708259675
-0.9281129217447008
-0.9286827897900634
-0.9292504736217548
-0.9298159719046122
-0.9303792833086133
-0.9309404065088788
-0.931499340185676
-0.9320560830244219
-0.9326106337156863
-0.9331629909551951
-0.9337131534438323
-0.9342611198876446
-0.9348068889978433
-0.9353504594908078
-0.9358918300880886
-0.9364309995164103
-0.936967966507674
-0.9375027297989618
-0.9380352881325376
-0.9385656402558523
-0.9390937849215453
-0.9396197208874475
-0.940143446916585
-0.9406649617771815
-0.9411842642426608
-0.9417013530916508
-0.9422162271079852
-0.9427288850807073
-0.943239325804072
-0.9437475480775492
-0.9442535507058267
-0.9447573324988123
-0.9452588922716377
-0.9457582288446603
-0.9462553410434664
-0.946750227698874
-0.9472428876469351
-0.9477333197289396
-0.9482215227914164
-0.9487074956861371
-0.9491912372701191
-0.9496727464056272
-0.9501520219601767
-0.9506290628065366
-0.9511038678227317
-0.951576435892045
-0.9520467659030212
-0.9525148567494685
-0.9529807073304615
-0.9534443165503438
-0.9539056833187306
-0.9543648065505115
-0.954821685165852
-0.9552763180901978
-0.9557287042542757
-0.9561788425940969
-0.9566267320509595
-0.9570723715714508
-0.9575157601074497
-0.9579568966161294
-0.9583957800599597
-0.9588324094067099
-0.9592667836294499
-0.9596989017065546
-0.9601287626217045
-0.9605563653638891
-0.960981708927409
-0.961404792311878
-0.9618256145222264
-0.9622441745687018
-0.9626604714668728
-0.9630745042376311
-0.9634862719071927
-0.9638957735071016
-0.9643030080742314
-0.9647079746507874
-0.9651106722843092
-0.9655111000276732
-0.9659092569390939
-0.9663051420821269
-0.9666987545256711
-0.9670900933439703
-0.9674791576166162
-0.9678659464285495
-0.9682504588700632
-0.968632694036804
-0.9690126510297745
-0.9693903289553359
-0.9697657269252092
-0.9701388440564778
-0.9705096794715896
-0.970878232298359
-0.971244501669969
-0.9716084867249729
-0.9719701866072969
-0.9723296004662415
-0.9726867274564843
-0.9730415667380808
-0.9733941174764678
-0.9737443788424639
-0.9740923500122728
-0.9744380301674844
-0.9747814184950768
-0.9751225141874188
-0.9754613164422706
-0.9757978244627873
-0.9761320374575192
-0.976463954640415
-0.9767935752308224
-0.9771208984534914
-0.9774459235385742
-0.977768649721629
-0.9780890762436206
-0.9784072023509224
-0.9787230272953183
-0.9790365503340046
-0.9793477707295912
-0.9796566877501039
-0.9799633006689862
-0.9802676087651002
-0.980569611322729
-0.9808693076315784
-0.9811666969867784
-0.9814617786888844
-0.9817545520438798
-0.9820450163631769
-0.9823331709636184
-0.9826190151674798
-0.9829025483024706
-0.9831837697017355
-0.9834626787038562
-0.9837392746528533
-0.9840135568981877
-0.9842855247947615
-0.9845551777029206
-0.9848225149884552
-0.985087536022602
-0.9853502401820453
-0.9856106268489184
-0.9858686954108057
-0.9861244452607431
-0.9863778757972202
-0.9866289864241817
-0.9868777765510285
-0.9871242455926191
-0.987368392969271
-0.9876102181067625
-0.9878497204363331
-0.9880868993946862
-0.9883217544239888
-0.9885542849718743
-0.9887844904914429
-0.9890123704412632
-0.9892379242853735
-0.9894611514932825
-0.9896820515399719
-0.9899006239058959
-0.990116868076984
-0.9903307835446408
-0.9905423698057484
-0.9907516263626669
-0.9909585527232359
-0.9911631484007751
-0.9913654129140863
-0.9915653457874538
-0.9917629465506459
-0.9919582147389159
-0.9921511498930031
-0.9923417515591341
-0.9925300192890237
-0.9927159526398761
-0.9928995511743856
-0.9930808144607379
-0.9932597420726115
-0.9934363335891776
-0.9936105885951024
-0.9937825066805471
-0.9939520874411695
-0.9941193304781242
-0.9942842353980644
-0.9944468018131424
-0.9946070293410103
-0.9947649176048214
-0.9949204662332309
-0.9950736748603963
-0.9952245431259791
-0.9953730706751447
-0.9955192571585644
-0.9956631022324151
-0.9958046055583807
-0.9959437668036527
-0.9960805856409314
-0.9962150617484258
-0.9963471948098552
-0.9964769845144497
-0.9966044305569507
-0.9967295326376118
-0.9968522904621994
-0.9969727037419938
-0.9970907721937891
-0.9972064955398947
-0.9973198735081354
-0.9974309058318525
-0.9975395922499035
-0.9976459325066641
-0.9977499263520277
-0.9978515735414065
-0.9979508738357318
-0.9980478270014547
-0.9981424328105467
-0.9982346910405004
-0.9983246014743298
-0.9984121639005705
-0.998497378113281
-0.9985802439120424
-0.9986607611019596
-0.9987389294936611
-0.9988147489033
-0.9988882191525542
-0.998959340068627
-0.9990281114842473
-0.9990945332376703
-0.9991586051726777
-0.9992203271385788
-0.9992796989902097
-0.9993367205879353
-0.9993913917976489
-0.9994437124907727
-0.999493682544259
-0.9995413018405906
-0.999586570267782
-0.99962948771938
-0.9996700540944663
-0.9997082692976585
-0.9997441332391143
-0.9997776458345351
-0.9998088070051736
-0.9998376166778453
-0.9998640747849465
-0.9998881812644876
-0.9999099360601527
-0.9999293391214149
-0.9999463904037804
-0.9999610898693421
-0.999973437488208
-0.9999834332427936
-0.9999910771439724
-0.9999963693177449
-0.9999993109271054
