0.9999560500189922
0.9997684374092631
0.9994309374662614
0.9989435258434088
0.9983062664730065
0.9975192527567208
0.9965826020233816
0.9954964544810964
0.9942609729224097
0.9928763426088221
0.9913427712075831
0.9896604887450652
0.9878297475648606
0.985850822286126
0.9837240097603155
0.9814496290254644
0.979028021257622
0.9764595497192341
0.9737445997043704
0.970883578480743
0.9678769152284895
0.9647250609757064
0.9614284885307322
0.9579876924111781
0.9544031887697162
0.9506755153166283
0.9468052312391275
0.9427929171174625
0.9386391748378148
0.9343446275020031
0.9299099193340057
0.9253357155833162
0.9206227024251465
0.9157715868574904
0.9107830965950651
0.9056579799601446
0.9003970057703036
0.8950009632230846
0.8894706617776109
0.8838069310331583
0.8780106206047066
0.8720825999954883
0.8660237584665545
0.8598350049033764
0.853517267679503
0.8470714945172962
0.8404986523457627
0.8337997271555049
0.8269757238508126
0.8200276660989171
0.8129565961764316
0.8057635748129987
0.7984496810321707
0.791016011989546
0.7834636828081839
0.7757938264113258
0.7680075933524456
0.7601061516426555
0.7520906865754921
0.7439624005491117
0.7357225128859178
0.7273722596496521
0.7189128934599716
0.7103456833045434
0.7016719143486853
0.6928928877425771
0.684009920426076
0.6750243449311628
0.6659375091820486
0.6567507762929734
0.647465524363725
0.6380831462729114
0.6286050494690151
0.6190326557592614
0.609367401096334
0.5996107353629684
0.5897641221544544
0.5798290385590831
0.569806974936569
0.5596994346944812
0.5495079340627187
0.5392340018660594
0.5288791792948224
0.5184450196736746
0.5079330882286162
0.4973449618521816
0.4866822288668905
0.4759464887869834
0.4651393520784795
0.4542624399175901
0.4433173839475275
0.4323058260337413
0.4212294180176239
0.4100898214687168
0.3988887074354593
0.3876277561945156
0.3763086569987165
0.3649331078236541
0.35350281511297
0.3420194935223718
0.3304848656624171
0.3189006618401065
0.3072686197993192
0.2955904844601357
0.2838680076570818
0.2721029478763368
0.2602970699919426
0.2484521450010569
0.2365699497582842
0.224652266709132
0.2127008836226262
0.2007175933231268
0.188704193421389
0.1766624860449021
0.1645942775675539
0.1525013783386566
0.140385602411376
0.1282487672706072
0.116092693560333
0.1039192048105095
0.09173012716351971
0.079527289100233
0.06731252116571655
0.05508765569463423
0.04285452653637919
0.03061496877997926
0.0183708184788137
0.006123912375189671
-0.006123912375189548
-0.01837081847881358
-0.03061496877997914
-0.04285452653637907
-0.05508765569463411
-0.06731252116571645
-0.07952728910023289
-0.0917301271635196
-0.1039192048105094
-0.1160926935603329
-0.1282487672706071
-0.1403856024113759
-0.1525013783386565
-0.1645942775675538
-0.176662486044902
-0.1887041934213889
-0.2007175933231267
-0.212700883622626
-0.2246522667091319
-0.2365699497582841
-0.2484521450010568
-0.2602970699919425
-0.2721029478763367
-0.2838680076570816
-0.2955904844601356
-0.3072686197993191
-0.3189006618401063
-0.330484865662417
-0.3420194935223717
-0.3535028151129699
-0.364933107823654
-0.3763086569987165
-0.3876277561945155
-0.3988887074354592
-0.4100898214687166
-0.4212294180176236
-0.4323058260337412
-0.4433173839475275
-0.4542624399175898
-0.4651393520784791
-0.4759464887869835
-0.4866822288668901
-0.4973449618521812
-0.5079330882286159
-0.5184450196736744
-0.5288791792948221
-0.5392340018660592
-0.5495079340627184
-0.559699434694481
-0.5698069749365687
-0.579829038559083
-0.5897641221544543
-0.5996107353629682
-0.609367401096334
-0.619032655759261
-0.6286050494690147
-0.6380831462729114
-0.6474655243637247
-0.6567507762929733
-0.6659375091820485
-0.6750243449311628
-0.6840099204260758
-0.6928928877425768
-0.7016719143486851
-0.7103456833045432
-0.7189128934599716
-0.7273722596496521
-0.7357225128859179
-0.7439624005491114
-0.7520906865754919
-0.7601061516426554
-0.7680075933524455
-0.7757938264113258
-0.7834636828081839
-0.7910160119895461
-0.7984496810321706
-0.8057635748129987
-0.8129565961764316
-0.8200276660989172
-0.8269757238508126
-0.8337997271555048
-0.8404986523457626
-0.8470714945172961
-0.8535172676795029
-0.8598350049033764
-0.8660237584665544
-0.8720825999954882
-0.8780106206047066
-0.8838069310331583
-0.8894706617776109
-0.8950009632230846
-0.9003970057703035
-0.9056579799601446
-0.9107830965950651
-0.9157715868574904
-0.9206227024251464
-0.9253357155833162
-0.9299099193340057
-0.9343446275020031
-0.9386391748378148
-0.9427929171174624
-0.9468052312391274
-0.9506755153166283
-0.9544031887697162
-0.9579876924111781
-0.9614284885307322
-0.9647250609757064
-0.9678769152284895
-0.970883578480743
-0.9737445997043703
-0.9764595497192341
-0.979028021257622
-0.9814496290254644
-0.9837240097603155
-0.985850822286126
-0.9878297475648606
-0.9896604887450652
-0.9913427712075831
-0.9928763426088221
-0.9942609729224097
-0.9954964544810964
-0.9965826020233816
-0.9975192527567208
-0.9983062664730065
-0.9989435258434088
-0.9994309374662614
-0.9997684374092631
-0.9999560500189922
