0.0001127890178222722
0.0002625349442964459
0.0004124632544261763
0.0005623489540314098
0.0007121541634733206
0.0008618537014200889
0.00101142439320844
0.001160843557567724
0.001310088681902504
0.001459137333310733
0.001607967130749327
0.00175655573633073
0.001904880853499718
0.002052920227966143
0.00220065164983991
0.002348052956327312
0.002495102034703707
0.002641776825427491
0.002788055325327706
0.002933915590829717
0.003079335741199337
0.003224293961794198
0.00336876850731555
0.003512737705056307
0.003656179958142501
0.003799073748766258
0.003941397641408833
0.004083130286052668
0.004224250421381536
0.004364736877968056
0.004504568581447896
0.00464372455568006
0.004782183925892691
0.004919925921813865
0.005056929880786841
0.00519317525086928
0.00532864159391593
0.005463308588644309
0.00559715603368291
0.005730163850601436
0.005862312086922652
0.005993580919115336
0.006123950655567931
0.0062534017395424
0.006381914752107879
0.006509470415053659
0.006636049593781064
0.006761633300173798
0.006886202695446319
0.007009739092969822
0.00713222396107539
0.007253638925833914
0.007373965773812344
0.007493186454805882
0.007611283084545658
0.007728237947381554
0.00784403349893971
0.007958652368754348
0.008072077362873498
0.00818429146643827
0.008295277846235224
0.008405019853221535
0.008513501025022489
0.008620705088401013
0.008726615961698805
0.008831217757248749
0.008934494783758206
0.009036431548662872
0.009137012760450804
0.009236223330956302
0.009334048377623268
0.009430473225737751
0.009525483410629284
0.009619064679840726
0.009711202995266278
0.009801884535257325
0.009891095696695826
0.009978823097034908
0.01006505357630638
0.01014977419909487
0.01023297225647822
0.01031463526793401
0.01039475098321173
0.0104733073841704
0.01055029268658148
0.01062569534189656
0.01069950403897978
0.01077170770580462
0.01084229551111479
0.01091125686604904
0.01097858142572957
0.0110442590908139
0.01110828000900984
0.01117063457655345
0.01123131343964967
0.01129030749587551
0.01134760789554549
0.01140320604303918
0.01145709359809064
0.0115092624770395
0.01155970485404363
0.0116084131622531
0.01165538009494524
0.01170059860662074
0.01174406191406055
0.01178576349734343
0.01182569710082398
0.01186385673407108
0.01190023667276649
0.01193483145956356
0.01196763590490589
0.01199864508780581
0.01202785435658257
0.01205525932956015
0.01208085589572454
0.01210464021534046
0.01212660872052732
0.01214675811579446
0.0121650853785355
0.01218158775948177
0.01219626278311471
0.01220910824803724
0.01222012222730397
0.01222930306871028
0.01223664939504016
0.0122421601042728
0.01224583436974792
0.01224767164028976
0.01224767164028976
0.01224583436974792
0.0122421601042728
0.01223664939504016
0.01222930306871028
0.01222012222730397
0.01220910824803724
0.01219626278311471
0.01218158775948177
0.0121650853785355
0.01214675811579446
0.01212660872052732
0.01210464021534046
0.01208085589572454
0.01205525932956015
0.01202785435658257
0.01199864508780581
0.01196763590490589
0.01193483145956356
0.01190023667276649
0.01186385673407108
0.01182569710082398
0.01178576349734343
0.01174406191406055
0.01170059860662074
0.01165538009494524
0.0116084131622531
0.01155970485404363
0.0115092624770395
0.01145709359809064
0.01140320604303918
0.01134760789554549
0.01129030749587551
0.01123131343964967
0.01117063457655345
0.01110828000900984
0.0110442590908139
0.01097858142572957
0.01091125686604904
0.01084229551111479
0.01077170770580462
0.01069950403897978
0.01062569534189656
0.01055029268658148
0.0104733073841704
0.01039475098321173
0.01031463526793401
0.01023297225647822
0.01014977419909487
0.01006505357630638
0.009978823097034908
0.009891095696695826
0.009801884535257325
0.009711202995266278
0.009619064679840726
0.009525483410629284
0.009430473225737751
0.009334048377623268
0.009236223330956302
0.009137012760450804
0.009036431548662872
0.008934494783758206
0.008831217757248749
0.008726615961698805
0.008620705088401013
0.008513501025022489
0.008405019853221535
0.008295277846235224
0.00818429146643827
0.008072077362873498
0.007958652368754348
0.00784403349893971
0.007728237947381554
0.007611283084545658
0.007493186454805882
0.007373965773812344
0.007253638925833914
0.00713222396107539
0.007009739092969822
0.006886202695446319
0.006761633300173798
0.006636049593781064
0.006509470415053659
0.006381914752107879
0.0062534017395424
0.006123950655567931
0.005993580919115336
0.005862312086922652
0.005730163850601436
0.00559715603368291
0.005463308588644309
0.00532864159391593
0.00519317525086928
0.005056929880786841
0.004919925921813865
0.004782183925892691
0.00464372455568006
0.004504568581447896
0.004364736877968056
0.004224250421381536
0.004083130286052668
0.003941397641408833
0.003799073748766258
0.003656179958142501
0.003512737705056307
0.00336876850731555
0.003224293961794198
0.003079335741199337
0.002933915590829717
0.002788055325327706
0.002641776825427491
0.002495102034703707
0.002348052956327312
0.00220065164983991
0.002052920227966143
0.001904880853499718
0.00175655573633073
0.001607967130749327
0.001459137333310733
0.001310088681902504
0.001160843557567724
0.00101142439320844
0.0008618537014200889
0.0007121541634733206
0.0005623489540314098
0.0004124632544261763
0.0002625349442964459
0.0001127890178222722
