0.9999889909843819
0.9999419946068456
0.9998574463699794
0.9997353306710427
0.9995756497983108
0.9993784092025992
0.9991436161123782
0.9988712792754494
0.9985614088900397
0.9982140165816128
0.9978291153935629
0.9974067197828498
0.9969468456176038
0.9964495101755774
0.9959147321429772
0.9953425316134658
0.9947329300872282
0.9940859504700559
0.9934016170724148
0.9926799556084865
0.9919209931951715
0.9911247583510481
0.9902912809952868
0.9894205924465157
0.988512725421635
0.9875677140345829
0.9865855937950492
0.9855664016071379
0.9845101757679784
0.983416955966284
0.9822867832808596
0.9811197001790571
0.9799157505151782
0.9786749795288263
0.9773974338432059
0.9760831614633703
0.974732211774417
0.9733446355396325
0.9719204848985836
0.9704598133651587
0.9689626758255566
0.9674291285362238
0.9658592291217407
0.964253036572656
0.9626106112432703
0.9609320148493677
0.9592173104658972
0.9574665625246019
0.9556798368115988
0.953857200464906
0.9519987219719198
0.950104471166842
0.9481745192280551
0.946208938675448
0.9442078033676905
0.9421711884994589
0.9400991705986094
0.9379918275233031
0.9358492384590805
0.9336714839158854
0.9314586457250403
0.9292108070361711
0.9269280523140828
0.9246104673355857
0.9222581391862719
0.9198711562572436
0.9174496082417911
0.9149935861320229
0.912503182215446
0.9099784900714992
0.9074196045680355
0.904826621857758
0.9021996393746068
0.8995387558300979
0.8968440712096138
0.8941156867686465
0.8913537050289927
0.8885582297749018
0.8857293660491754
0.882867220149221
0.8799718996230571
0.8770435132652723
0.8740821711129373
0.8710879844414698
0.8680610657604539
0.8650015288094115
0.861909488553529
0.8587850611793375
0.8556283640903464
0.8524395159026327
0.8492186364403826
0.8459658467313907
0.8426812690025105
0.8393650266750627
0.8360172443601974
0.8326380478542115
0.8292275641338213
0.8257859213513925
0.8223132488301236
0.8188096770591868
0.8152753376888249
0.8117103635254043
0.8081148885264244
0.8044890477954846
0.800832977577207
0.7971468152521175
0.7934306993314831
0.7896847694521072
0.7859091663710831
0.7821040319605042
0.7782695092021338
0.7744057421820317
0.7705128760851405
0.7665910571898299
0.7626404328624002
0.7586611515515449
0.7546533627827725
0.7506172171527881
0.7465528663238342
0.7424604630179923
0.7383401610114442
0.734192115128693
0.7300164812367465
0.7258134162392593
0.7215830780706379
0.7173256256901053
0.7130412190757285
0.7087300192184072
0.7043921881158239
0.7000278887663574
0.6956372851629571
0.6912205422869817
0.6867778261019992
0.682309303547551
0.6778151425328788
0.6732955119306152
0.6687505815704385
0.6641805222326906
0.6595855056419604
0.6549657044606303
0.6503212922823893
0.6456524436257089
0.6409593339272864
0.6362421395354517
0.6315010377035417
0.6267362065832394
0.6219478252178795
0.6171360735357212
0.6123011323431871
0.6074431833180685
0.6025624090026995
0.5976589927970977
0.5927331189520721
0.5877849725623008
0.5828147395593746
0.5778226067048111
0.5728087615830375
0.5677733925943408
0.5627166889477891
0.5576388406541221
0.5525400385186103
0.5474204741338866
0.5422803398727463
0.5371198288809179
0.5319391350698067
0.5267384531092077
0.5215179784199909
0.5162779071667577
0.5110184362504701
0.5057397633010523
0.5004420866699645
0.4951256054227486
0.4897905193315499
0.4844370288676088
0.4790653351937285
0.4736756401567166
0.4682681462798002
0.4628430567550148
0.4574005754355713
0.4519409068281941
0.4464642560854375
0.4409708289979767
0.4354608319868747
0.4299344720958267
0.4243919569833787
0.4188334949151264
0.4132592947558877
0.4076695659618557
0.4020645185727269
0.3964443632038106
0.3908093110381126
0.3851595738184013
0.3794953638392505
0.3738168939390634
0.3681243774920731
0.3624180284003266
0.3566980610856457
0.3509646904815715
0.3452181320252866
0.339458601649521
0.3336863157744372
0.3279014912994984
0.3221043455953188
0.3162950964954948
0.3104739622884205
0.3046411617090842
0.2987969139308508
0.2929414385572245
0.287074955613598
0.2811976855389847
0.275309849177735
0.2694116677712387
0.2635033629496102
0.2575851567233627
0.2516572714750633
0.2457199299509794
0.2397733552527063
0.2338177708287859
0.2278534004663097
0.221880468282509
0.215899198716335
0.209909816520024
0.2039125467506525
0.1979076147616806
0.191895246194484
0.1858756669698758
0.179849103279616
0.1738157815779136
0.1677759285729163
0.1617297712181921
0.1556775367042018
0.1496194524497614
0.143555746093496
0.1374866454852881
0.1314123786777138
0.1253331739174746
0.1192492596368204
0.1131608644449667
0.1070682171195026
0.1009715465977967
0.09487108196839251
0.08876705246240105
0.08265968744488719
0.07654921640625113
0.07043586895360469
0.06431987480214428
0.05820146376651832
0.05208086575219212
0.04595831074680912
0.03983402881154859
0.03370825007248074
0.02758120471191989
0.02145312295977489
0.01532423508489832
0.009194771386432994
0.003064962185159487
-0.003064962185159365
-0.009194771386432873
-0.0153242350848982
-0.02145312295977476
-0.02758120471191976
-0.03370825007248061
-0.03983402881154847
-0.045958310746809
-0.05208086575219199
-0.05820146376651819
-0.06431987480214417
-0.07043586895360458
-0.07654921640625102
-0.08265968744488708
-0.08876705246240094
-0.0948710819683924
-0.1009715465977966
-0.1070682171195025
-0.1131608644449666
-0.1192492596368203
-0.1253331739174745
-0.1314123786777137
-0.137486645485288
-0.1435557460934959
-0.1496194524497613
-0.1556775367042017
-0.161729771218192
-0.1677759285729161
-0.1738157815779135
-0.1798491032796159
-0.1858756669698757
-0.1918952461944839
-0.1979076147616805
-0.2039125467506523
-0.2099098165200239
-0.2158991987163349
-0.2218804682825089
-0.2278534004663096
-0.2338177708287858
-0.2397733552527062
-0.2457199299509792
-0.2516572714750632
-0.2575851567233626
-0.2635033629496101
-0.2694116677712386
-0.2753098491777349
-0.2811976855389846
-0.287074955613598
-0.2929414385572244
-0.2987969139308508
-0.3046411617090842
-0.3104739622884204
-0.3162950964954947
-0.3221043455953187
-0.3279014912994982
-0.3336863157744371
-0.3394586016495209
-0.3452181320252865
-0.3509646904815714
-0.3566980610856456
-0.3624180284003264
-0.368124377492073
-0.3738168939390633
-0.3794953638392504
-0.3851595738184012
-0.3908093110381125
-0.3964443632038105
-0.4020645185727268
-0.4076695659618556
-0.4132592947558876
-0.4188334949151261
-0.4243919569833786
-0.4299344720958266
-0.4354608319868746
-0.4409708289979766
-0.4464642560854376
-0.451940906828194
-0.4574005754355714
-0.4628430567550149
-0.4682681462798001
-0.4736756401567167
-0.4790653351937282
-0.4844370288676086
-0.4897905193315498
-0.4951256054227486
-0.5004420866699644
-0.5057397633010523
-0.5110184362504698
-0.5162779071667575
-0.5215179784199909
-0.5267384531092077
-0.5319391350698066
-0.5371198288809175
-0.5422803398727458
-0.5474204741338864
-0.5525400385186102
-0.5576388406541219
-0.5627166889477888
-0.5677733925943405
-0.5728087615830374
-0.5778226067048109
-0.5828147395593742
-0.5877849725623006
-0.5927331189520721
-0.5976589927970977
-0.6025624090026994
-0.6074431833180681
-0.6123011323431871
-0.6171360735357211
-0.6219478252178792
-0.6267362065832391
-0.6315010377035414
-0.6362421395354515
-0.6409593339272862
-0.6456524436257088
-0.650321292282389
-0.6549657044606302
-0.6595855056419602
-0.6641805222326905
-0.6687505815704382
-0.673295511930615
-0.6778151425328787
-0.6823093035475507
-0.6867778261019992
-0.6912205422869815
-0.695637285162957
-0.700027888766357
-0.7043921881158236
-0.7087300192184071
-0.7130412190757285
-0.7173256256901051
-0.7215830780706378
-0.7258134162392594
-0.7300164812367463
-0.7341921151286931
-0.738340161011444
-0.7424604630179923
-0.7465528663238341
-0.7506172171527881
-0.7546533627827726
-0.7586611515515449
-0.7626404328624002
-0.7665910571898298
-0.7705128760851403
-0.7744057421820317
-0.7782695092021338
-0.7821040319605042
-0.7859091663710829
-0.7896847694521071
-0.7934306993314831
-0.7971468152521175
-0.800832977577207
-0.8044890477954846
-0.8081148885264244
-0.8117103635254043
-0.8152753376888249
-0.8188096770591866
-0.8223132488301235
-0.8257859213513924
-0.8292275641338213
-0.8326380478542114
-0.8360172443601974
-0.8393650266750626
-0.8426812690025104
-0.8459658467313905
-0.8492186364403826
-0.8524395159026326
-0.8556283640903465
-0.8587850611793373
-0.8619094885535289
-0.8650015288094115
-0.8680610657604538
-0.8710879844414698
-0.8740821711129372
-0.8770435132652722
-0.8799718996230571
-0.8828672201492209
-0.8857293660491754
-0.8885582297749017
-0.8913537050289926
-0.8941156867686464
-0.8968440712096137
-0.8995387558300979
-0.9021996393746067
-0.9048266218577579
-0.9074196045680355
-0.9099784900714991
-0.912503182215446
-0.9149935861320228
-0.917449608241791
-0.9198711562572436
-0.9222581391862719
-0.9246104673355857
-0.9269280523140828
-0.9292108070361711
-0.9314586457250403
-0.9336714839158853
-0.9358492384590804
-0.937991827523303
-0.9400991705986094
-0.9421711884994588
-0.9442078033676905
-0.946208938675448
-0.9481745192280551
-0.9501044711668419
-0.9519987219719198
-0.9538572004649059
-0.9556798368115988
-0.9574665625246019
-0.9592173104658972
-0.9609320148493677
-0.9626106112432703
-0.964253036572656
-0.9658592291217406
-0.9674291285362238
-0.9689626758255565
-0.9704598133651586
-0.9719204848985835
-0.9733446355396325
-0.974732211774417
-0.9760831614633702
-0.9773974338432059
-0.9786749795288262
-0.9799157505151781
-0.9811197001790571
-0.9822867832808596
-0.983416955966284
-0.9845101757679784
-0.9855664016071378
-0.9865855937950492
-0.9875677140345829
-0.9885127254216349
-0.9894205924465157
-0.9902912809952868
-0.9911247583510481
-0.9919209931951715
-0.9926799556084865
-0.9934016170724148
-0.9940859504700559
-0.9947329300872282
-0.9953425316134656
-0.9959147321429772
-0.9964495101755774
-0.9969468456176038
-0.9974067197828498
-0.9978291153935628
-0.9982140165816128
-0.9985614088900397
-0.9988712792754494
-0.9991436161123782
-0.9993784092025992
-0.9995756497983108
-0.9997353306710427
-0.9998574463699794
-0.9999419946068456
-0.9999889909843819
