0.9999998276897039
0.999999092107425
0.9999977687388968
0.9999958572909655
0.9999933577287523
0.9999902700451291
0.9999865942390471
0.999982330311498
0.9999774782644398
0.9999720381004413
0.9999660098225419
0.9999593934341918
0.9999521889392226
0.9999443963418325
0.9999360156465785
0.9999270468583715
0.9999174899824733
0.9999073450244951
0.9998966119903966
0.9998852908864849
0.9998733817194144
0.9998608844961859
0.9998477992241472
0.9998341259109921
0.9998198645647607
0.9998050151938392
0.9997895778069602
0.9997735524132018
0.9997569390219884
0.9997397376430902
0.9997219482866234
0.9997035709630502
0.9996846056831783
0.9996650524581615
0.9996449112994995
0.9996241822190376
0.999602865228967
0.9995809603418248
0.9995584675704937
0.9995353869282024
0.999511718428525
0.9994874620853818
0.9994626179130385
0.9994371859261065
0.9994111661395433
0.9993845585686517
0.9993573632290805
0.999329580136824
0.9993012093082223
0.9992722507599611
0.9992427045090716
0.999212570572931
0.999181848969262
0.9991505397161327
0.9991186428319572
0.9990861583354949
0.9990530862458509
0.9990194265824759
0.9989851793651662
0.9989503446140636
0.9989149223496555
0.9988789125927748
0.9988423153645999
0.9988051306866548
0.9987673585808089
0.998728999069277
0.9986900521746197
0.9986505179197427
0.9986103963278974
0.9985696874226805
0.9985283912280342
0.9984865077682459
0.9984440370679487
0.9984009791521208
0.998357334046086
0.9983131017755131
0.9982682823664166
0.9982228758451562
0.9981768822384369
0.9981303015733087
0.9980831338771674
0.9980353791777536
0.9979870375031534
0.9979381088817979
0.9978885933424636
0.997838490914272
0.99778780162669
0.9977365255095295
0.9976846625929475
0.9976322129074462
0.9975791764838728
0.9975255533534197
0.9974713435476245
0.9974165470983692
0.9973611640378817
0.9973051943987342
0.9972486382138442
0.9971914955164743
0.9971337663402317
0.9970754507190687
0.9970165486872826
0.9969570602795154
0.9968969855307541
0.9968363244763305
0.9967750771519212
0.9967132435935476
0.996650823837576
0.9965878179207173
0.9965242258800272
0.9964600477529062
0.9963952835770994
0.9963299333906965
0.9962639972321321
0.9961974751401851
0.9961303671539793
0.9960626733129829
0.9959943936570089
0.9959255282262144
0.9958560770611015
0.9957860402025163
0.9957154176916498
0.9956442095700372
0.9955724158795582
0.995500036662437
0.9954270719612418
0.9953535218188855
0.9952793862786252
0.9952046653840623
0.9951293591791422
0.9950534677081552
0.9949769910157351
0.9948999291468603
0.9948222821468533
0.9947440500613804
0.9946652329364527
0.9945858308184247
0.9945058437539952
0.9944252717902071
0.9943441149744474
0.9942623733544467
0.9941800469782798
0.9940971358943653
0.9940136401514659
0.9939295597986879
0.9938448948854817
0.9937596454616411
0.9936738115773039
0.9935873932829519
0.9935003906294101
0.9934128036678475
0.9933246324497766
0.9932358770270537
0.9931465374518786
0.9930566137767947
0.9929661060546886
0.992875014338791
0.9927833386826754
0.9926910791402593
0.9925982357658033
0.9925048086139113
0.9924107977395309
0.9923162031979527
0.9922210250448106
0.9921252633360818
0.9920289181280866
0.9919319894774887
0.9918344774412948
0.9917363820768547
0.9916377034418612
0.9915384415943505
0.9914385965927012
0.9913381684956353
0.9912371573622177
0.9911355632518563
0.9910333862243014
0.9909306263396466
0.9908272836583281
0.990723358241125
0.9906188501491588
0.9905137594438942
0.990408086187138
0.99030183044104
0.9901949922680925
0.9900875717311303
0.9899795688933305
0.9898709838182131
0.9897618165696404
0.9896520672118166
0.9895417358092892
0.989430822426947
0.9893193271300218
0.9892072499840874
0.9890945910550597
0.9889813504091969
0.9888675281130994
0.9887531242337094
0.9886381388383115
0.988522571994532
0.9884064237703394
0.988289694234044
0.988172383454298
0.9880544915000954
0.9879360184407723
0.987816964346006
0.9876973292858161
0.9875771133305636
0.9874563165509512
0.9873349390180231
0.9872129808031652
0.9870904419781049
0.986967322614911
0.9868436227859938
0.9867193425641049
0.9865944820223373
0.9864690412341254
0.9863430202732447
0.986216419213812
0.9860892381302853
0.9859614770974636
0.9858331361904872
0.9857042154848372
0.985574715056336
0.9854446349811465
0.985313975335773
0.9851827361970604
0.9850509176421944
0.9849185197487016
0.9847855425944492
0.9846519862576451
0.9845178508168378
0.9843831363509168
0.9842478429391115
0.9841119706609922
0.9839755195964697
0.9838384898257947
0.9837008814295588
0.9835626944886938
0.9834239290844716
0.9832845852985044
0.9831446632127444
0.9830041629094843
0.9828630844713565
0.9827214279813336
0.982579193522728
0.9824363811791924
0.9822929910347189
0.9821490231736397
0.9820044776806267
0.9818593546406915
0.9817136541391854
0.9815673762617996
0.9814205210945641
0.9812730887238494
0.9811250792363647
0.9809764927191591
0.9808273292596207
0.9806775889454772
0.9805272718647955
0.9803763781059817
0.9802249077577809
0.9800728609092776
0.9799202376498951
0.9797670380693958
0.9796132622578813
0.9794589103057916
0.9793039823039058
0.9791484783433421
0.9789923985155569
0.9788357429123455
0.9786785116258421
0.9785207047485189
0.9783623223731873
0.9782033645929966
0.9780438315014349
0.9778837231923284
0.9777230397598417
0.9775617812984776
0.9773999479030773
0.9772375396688198
0.9770745566912225
0.9769109990661405
0.9767468668897673
0.976582160258634
0.9764168792696094
0.9762510240199006
0.976084594607052
0.9759175911289458
0.975750013683802
0.975581862370178
0.9754131372869685
0.9752438385334062
0.9750739662090608
0.9749035204138394
0.9747325012479864
0.9745609088120832
0.9743887432070489
0.9742160045341394
0.9740426928949472
0.9738688083914024
0.9736943511257721
0.9735193212006594
0.9733437187190053
0.9731675437840865
0.9729907964995174
0.972813476969248
0.9726355852975657
0.9724571215890938
0.9722780859487925
0.972098478481958
0.971918299294223
0.9717375484915564
0.9715562261802633
0.9713743324669848
0.9711918674586982
0.971008831262717
0.9708252239866901
0.9706410457386027
0.9704562966267756
0.9702709767598655
0.9700850862468646
0.9698986251971009
0.9697115937202379
0.9695239919262743
0.9693358199255446
0.9691470778287187
0.9689577657468014
0.9687678837911329
0.9685774320733886
0.9683864107055793
0.9681948198000502
0.9680026594694818
0.9678099298268896
0.9676166309856238
0.9674227630593693
0.9672283261621457
0.9670333204083075
0.9668377459125435
0.9666416027898769
0.9664448911556656
0.9662476111256018
0.9660497628157118
0.9658513463423563
0.96565236182223
0.9654528093723621
0.9652526891101152
0.9650520011531863
0.9648507456196062
0.9646489226277393
0.9644465322962839
0.964243574744272
0.9640400500910693
0.9638359584563746
0.9636312999602206
0.9634260747229733
0.9632202828653318
0.9630139245083286
0.9628069997733295
0.9625995087820333
0.9623914516564716
0.9621828285190093
0.961973639492344
0.9617638846995064
0.9615535642638594
0.9613426783090991
0.961131226959254
0.960919210338685
0.9607066285720856
0.9604934817844816
0.9602797701012313
0.9600654936480251
0.9598506525508853
0.9596352469361669
0.9594192769305562
0.9592027426610719
0.9589856442550645
0.9587679818402162
0.9585497555445408
0.9583309654963841
0.9581116118244231
0.9578916946576664
0.9576712141254541
0.9574501703574575
0.9572285634836792
0.9570063936344531
0.9567836609404439
0.9565603655326477
0.9563365075423913
0.9561120871013324
0.9558871043414597
0.9556615593950923
0.9554354523948801
0.9552087834738037
0.9549815527651737
0.9547537604026318
0.9545254065201496
0.9542964912520289
0.9540670147329019
0.9538369770977306
0.9536063784818074
0.9533752190207542
0.9531434988505232
0.9529112181073959
0.9526783769279837
0.9524449754492279
0.9522110138083989
0.9519764921430968
0.9517414105912507
0.9515057692911196
0.9512695683812913
0.9510328080006826
0.9507954882885397
0.9505576093844375
0.9503191714282799
0.9500801745602997
0.9498406189210581
0.9496005046514453
0.9493598318926796
0.9491186007863083
0.9488768114742065
0.9486344640985782
0.9483915588019551
0.9481480957271975
0.9479040750174932
0.9476594968163584
0.9474143612676371
0.9471686685155009
0.9469224187044493
0.9466756119793093
0.9464282484852355
0.9461803283677102
0.9459318517725425
0.9456828188458691
0.9454332297341541
0.9451830845841884
0.9449323835430901
0.9446811267583041
0.9444293143776021
0.9441769465490828
0.9439240234211715
0.9436705451426201
0.9434165118625066
0.9431619237302361
0.9429067808955395
0.9426510835084743
0.9423948317194237
0.9421380256790974
0.941880665538531
0.9416227514490857
0.9413642835624487
0.941105262030633
0.9408456870059769
0.9405855586411447
0.9403248770891257
0.9400636425032346
0.9398018550371117
0.9395395148447221
0.939276622080356
0.939013176898629
0.9387491794544809
0.938484629903177
0.9382195284003069
0.9379538751017849
0.9376876701638497
0.9374209137430648
0.9371536059963177
0.9368857470808203
0.9366173371541088
0.936348376374043
0.9360788648988072
0.9358088028869093
0.935538190497181
0.9352670278887778
0.9349953152211787
0.9347230526541862
0.9344502403479265
0.9341768784628485
0.9339029671597249
0.9336285065996514
0.9333534969440465
0.9330779383546519
0.9328018309935321
0.9325251750230742
0.9322479706059881
0.9319702179053062
0.9316919170843833
0.9314130683068969
0.9311336717368461
0.9308537275385529
0.930573235876661
0.9302921969161361
0.9300106108222658
0.9297284777606596
0.9294457978972485
0.9291625713982852
0.9288787984303439
0.9285944791603203
0.9283096137554311
0.9280242023832145
0.9277382452115295
0.9274517424085564
0.9271646941427963
0.9268771005830712
0.9265889618985232
0.926300278258616
0.9260110498331331
0.9257212767921786
0.9254309593061769
0.9251400975458727
0.9248486916823305
0.9245567418869353
0.9242642483313915
0.9239712111877235
0.9236776306282757
0.9233835068257115
0.9230888399530143
0.9227936301834867
0.9224978776907505
0.9222015826487471
0.9219047452317363
0.9216073656142975
0.9213094439713286
0.9210109804780467
0.9207119753099873
0.9204124286430043
0.9201123406532703
0.9198117115172765
0.9195105414118317
0.9192088305140637
0.9189065790014176
0.9186037870516568
0.9183004548428627
0.9179965825534342
0.9176921703620878
0.9173872184478579
0.9170817269900957
0.9167756961684703
0.9164691261629678
0.9161620171538915
0.9158543693218614
0.9155461828478146
0.9152374579130053
0.9149281946990039
0.9146183933876975
0.9143080541612899
0.913997177202301
0.9136857626935672
0.9133738108182408
0.9130613217597902
0.9127482957019999
0.9124347328289701
0.9121206333251168
0.9118059973751713
0.9114908251641809
0.911175116877508
0.9108588727008302
0.9105420928201404
0.9102247774217467
0.9099069266922718
0.9095885408186536
0.9092696199881446
0.9089501643883118
0.9086301742070368
0.9083096496325159
0.9079885908532592
0.9076669980580911
0.9073448714361505
0.9070222111768897
0.9066990174700752
0.9063752905057869
0.9060510304744189
0.9057262375666781
0.9054009119735855
0.9050750538864748
0.9047486634969932
0.9044217409971009
0.9040942865790711
0.9037663004354897
0.9034377827592552
0.9031087337435794
0.9027791535819857
0.9024490424683105
0.9021184005967021
0.9017872281616213
0.9014555253578406
0.9011232923804445
0.9007905294248297
0.9004572366867041
0.9001234143620874
0.8997890626473106
0.8994541817390166
0.8991187718341587
0.8987828331300018
0.8984463658241219
0.8981093701144056
0.8977718461990505
0.8974337942765648
0.897095214545767
0.8967561072057864
0.8964164724560624
0.8960763104963444
0.8957356215266923
0.8953944057474756
0.8950526633593738
0.8947103945633762
0.8943675995607813
0.8940242785531975
0.8936804317425424
0.8933360593310428
0.8929911615212347
0.8926457385159631
0.8922997905183817
0.8919533177319534
0.8916063203604492
0.8912587986079489
0.8909107526788409
0.8905621827778215
0.8902130891098954
0.8898634718803752
0.8895133312948816
0.889162667559343
0.8888114808799955
0.8884597714633826
0.8881075395163557
0.8877547852460728
0.8874015088599998
0.8870477105659091
0.8866933905718807
0.8863385490863007
0.8859831863178624
0.8856273024755655
0.8852708977687163
0.884913972406927
0.8845565266001167
0.8841985605585101
0.883840074492638
0.883481068613337
0.8831215431317495
0.8827614982593235
0.8824009342078123
0.8820398511892747
0.8816782494160748
0.8813161291008815
0.880953490456669
0.8805903336967162
0.8802266590346066
0.8798624666842285
0.8794977568597746
0.879132529775742
0.8787667856469316
0.878400524688449
0.8780337471157035
0.8776664531444082
0.8772986429905798
0.8769303168705389
0.8765614750009093
0.8761921175986183
0.8758222448808961
0.8754518570652763
0.8750809543695953
0.8747095370119924
0.8743376052109095
0.8739651591850911
0.873592199153584
0.8732187253357376
0.8728447379512032
0.8724702372199342
0.8720952233621861
0.8717196965985159
0.8713436571497826
0.8709671052371462
0.8705900410820685
0.8702124649063128
0.8698343769319428
0.8694557773813238
0.8690766664771219
0.8686970444423037
0.8683169115001366
0.8679362678741884
0.8675551137883274
0.8671734494667218
0.8667912751338402
0.866408591014451
0.8660253973336225
0.8656416943167227
0.8652574821894189
0.8648727611776781
0.8644875315077667
0.8641017934062498
0.863715547099992
0.8633287928161565
0.8629415307822054
0.8625537612258993
0.8621654843752974
0.8617767004587571
0.8613874097049343
0.8609976123427827
0.8606073086015542
0.8602164987107983
0.8598251829003623
0.8594333614003909
0.8590410344413265
0.8586482022539086
0.8582548650691737
0.8578610231184555
0.8574666766333846
0.8570718258458881
0.8566764709881902
0.8562806122928108
0.8558842499925666
0.8554873843205706
0.8550900155102316
0.8546921437952542
0.8542937694096392
0.8538948925876826
0.8534955135639761
0.8530956325734068
0.852695249851157
0.8522943656327039
0.85189298015382
0.8514910936505722
0.8510887063593223
0.8506858185167268
0.8502824303597361
0.8498785421255952
0.8494741540518433
0.8490692663763134
0.8486638793371323
0.8482579931727203
0.8478516081217918
0.8474447244233543
0.8470373423167084
0.8466294620414481
0.8462210838374601
0.8458122079449244
0.8454028346043134
0.8449929640563919
0.8445825965422176
0.84417173230314
0.8437603715808011
0.8433485146171346
0.8429361616543662
0.8425233129350136
0.8421099687018854
0.8416961291980821
0.8412817946669955
0.8408669653523085
0.8404516414979948
0.8400358233483191
0.8396195111478367
0.8392027051413937
0.8387854055741266
0.8383676126914618
0.8379493267391163
0.8375305479630966
0.8371112766096996
0.8366915129255115
0.8362712571574084
0.8358505095525552
0.835429270358407
0.8350075398227069
0.8345853181934879
0.8341626057190714
0.8337394026480676
0.833315709229375
0.8328915257121809
0.8324668523459606
0.8320416893804774
0.8316160370657827
0.8311898956522158
0.8307632653904033
0.8303361465312598
0.8299085393259866
0.8294804440260731
0.8290518608832949
0.828622790149715
0.828193232077683
0.8277631869198352
0.8273326549290944
0.8269016363586694
0.8264701314620557
0.8260381404930346
0.8256056637056729
0.8251727013543236
0.8247392536936253
0.8243053209785016
0.8238709034641619
0.8234360014061002
0.8230006150600957
0.8225647446822126
0.8221283905287997
0.8216915528564901
0.8212542319222014
0.8208164279831355
0.8203781412967783
0.8199393721208996
0.8195001207135532
0.819060387333076
0.8186201722380888
0.8181794756874956
0.8177382979404836
0.8172966392565228
0.8168544998953664
0.8164118801170501
0.8159687801818919
0.8155252003504927
0.8150811408837353
0.8146366020427847
0.8141915840890876
0.813746087284373
0.8133001118906511
0.8128536581702138
0.812406726385634
0.8119593167997662
0.8115114296757455
0.8110630652769881
0.8106142238671908
0.8101649057103313
0.8097151110706668
0.8092648402127358
0.8088140934013562
0.8083628709016261
0.807911172978923
0.8074589998989047
0.8070063519275077
0.8065532293309483
0.8060996323757218
0.8056455613286024
0.8051910164566433
0.8047359980271761
0.8042805063078111
0.8038245415664371
0.8033681040712208
0.8029111940906073
0.802453811893319
0.8019959577483566
0.8015376319249981
0.8010788346927991
0.800619566321592
0.8001598270814868
0.7996996172428703
0.7992389370764058
0.7987777868530337
0.7983161668439704
0.7978540773207088
0.7973915185550178
0.7969284908189425
0.7964649943848038
0.7960010295251979
0.795536596512997
0.7950716956213482
0.7946063271236741
0.794140491293672
0.7936741884053145
0.7932074187328483
0.792740182550795
0.7922724801339508
0.7918043117573855
0.7913356776964435
0.7908665782267427
0.7903970136241749
0.7899269841649055
0.7894564901253731
0.7889855317822898
0.7885141094126404
0.7880422232936832
0.7875698737029487
0.7870970609182401
0.7866237852176331
0.7861500468794758
0.7856758461823879
0.7852011834052618
0.7847260588272609
0.7842504727278207
0.7837744253866478
0.7832979170837203
0.7828209480992874
0.782343518713869
0.7818656292082562
0.7813872798635102
0.7809084709609632
0.7804292027822171
0.7799494756091443
0.7794692897238871
0.7789886454088575
0.7785075429467372
0.7780259826204772
0.7775439647132979
0.7770614895086889
0.7765785572904086
0.7760951683424842
0.7756113229492114
0.7751270213951549
0.7746422639651469
0.7741570509442883
0.7736713826179478
0.7731852592717616
0.7726986811916339
0.772211648663736
0.771724161974507
0.7712362214106524
0.7707478272591453
0.7702589798072248
0.7697696793423976
0.7692799261524361
0.768789720525379
0.7682990627495314
0.7678079531134642
0.7673163919060139
0.7668243794162828
0.7663319159336384
0.7658390017477138
0.7653456371484066
0.7648518224258801
0.7643575578705615
0.763862843773143
0.7633676804245811
0.7628720681160966
0.7623760071391743
0.761879497785563
0.7613825403472747
0.7608851351165855
0.7603872823860347
0.7598889824484246
0.7593902355968208
0.7588910421245516
0.758391402325208
0.7578913164926433
0.7573907849209733
0.7568898079045763
0.756388385738092
0.755886518716422
0.7553842071347299
0.7548814512884403
0.7543782514732396
0.7538746079850748
0.7533705211201542
0.7528659911749467
0.7523610184461819
0.7518556032308494
0.7513497458261998
0.7508434465297431
0.7503367056392496
0.7498295234527489
0.7493219002685305
0.7488138363851433
0.748305332101395
0.7477963877163527
0.7472870035293421
0.7467771798399476
0.7462669169480123
0.7457562151536373
0.7452450747571822
0.744733496059264
0.744221479360758
0.7437090249627969
0.7431961331667708
0.7426828042743271
0.7421690385873703
0.7416548364080615
0.741140198038819
0.7406251237823175
0.7401096139414876
0.7395936688195167
0.7390772887198479
0.7385604739461801
0.7380432248024678
0.7375255415929212
0.7370074246220057
0.7364888741944418
0.7359698906152046
0.7354504741895246
0.7349306252228862
0.7344103440210289
0.7338896308899456
0.7333684861358839
0.732846910065345
0.7323249029850836
0.7318024652021081
0.7312795970236803
0.7307562987573151
0.7302325707107797
0.7297084131920952
0.7291838265095345
0.728658810971623
0.7281333668871386
0.7276074945651108
0.7270811943148214
0.7265544664458038
0.7260273112678427
0.7254997290909742
0.7249717202254855
0.7244432849819148
0.7239144236710512
0.7233851366039341
0.7228554240918534
0.7223252864463494
0.7217947239792122
0.7212637370024819
0.7207323258284484
0.7202004907696504
0.7196682321388768
0.719135550249165
0.7186024454138016
0.718068917946322
0.71753496816051
0.7170005963703978
0.7164658028902657
0.7159305880346423
0.7153949521183038
0.714858895456274
0.7143224183638246
0.7137855211564739
0.7132482041499875
0.7127104676603782
0.7121723120039053
0.7116337374970747
0.7110947444566382
0.7105553331995946
0.7100155040431879
0.7094752573049082
0.7089345933024913
0.708393512353918
0.707852014777415
0.7073101008914532
0.706767771014749
0.7062250254662631
0.7056818645652008
0.7051382886310117
0.7045942979833895
0.7040498929422717
0.7035050738278397
0.7029598409605181
0.7024141946609752
0.7018681352501224
0.7013216630491138
0.7007747783793465
0.7002274815624602
0.6996797729203368
0.6991316527751006
0.6985831214491178
0.6980341792649967
0.6974848265455867
0.6969350636139792
0.6963848907935065
0.6958343084077422
0.6952833167805005
0.6947319162358367
0.6941801070980461
0.6936278896916648
0.6930752643414685
0.6925222313724735
0.6919687911099349
0.6914149438793484
0.6908606900064482
0.6903060298172081
0.6897509636378407
0.6891954917947974
0.6886396146147684
0.688083332424682
0.6875266455517047
0.6869695543232411
0.6864120590669338
0.6858541601106628
0.6852958577825455
0.6847371524109365
0.6841780443244279
0.6836185338518478
0.6830586213222618
0.6824983070649715
0.681937591409515
0.6813764746856663
0.6808149572234352
0.6802530393530676
0.6796907214050443
0.6791280037100819
0.6785648865991319
0.6780013704033807
0.6774374554542494
0.6768731420833938
0.6763084306227037
0.6757433214043035
0.6751778147605509
0.6746119110240378
0.6740456105275896
0.673478913604265
0.6729118205873558
0.6723443318103867
0.6717764476071152
0.6712081683115316
0.6706394942578582
0.6700704257805498
0.6695009632142926
0.6689311068940055
0.6683608571548382
0.6677902143321721
0.6672191787616197
0.6666477507790245
0.6660759307204609
0.6655037189222336
0.6649311157208782
0.6643581214531598
0.6637847364560742
0.6632109610668465
0.6626367956229318
0.6620622404620141
0.6614872959220072
0.6609119623410533
0.660336240057524
0.659760129410019
0.6591836307373667
0.6586067443786237
0.6580294706730744
0.6574518099602312
0.6568737625798342
0.6562953288718506
0.6557165091764751
0.6551373038341292
0.6545577131854614
0.6539777375713466
0.6533973773328863
0.6528166328114082
0.652235504348466
0.651653992285839
0.6510720969655321
0.6504898187297763
0.6499071579210268
0.6493241148819644
0.6487406899554946
0.6481568834847475
0.6475726958130776
0.6469881272840635
0.6464031782415078
0.6458178490294373
0.6452321399921015
0.6446460514739742
0.644059583819752
0.6434727373743543
0.6428855124829237
0.642297909490825
0.6417099287436456
0.641121570587195
0.6405328353675045
0.6399437234308276
0.6393542351236389
0.6387643707926345
0.6381741307847318
0.637583515447069
0.6369925251270051
0.6364011601721196
0.6358094209302122
0.6352173077493031
0.6346248209776321
0.6340319609636588
0.6334387280560624
0.6328451226037413
0.6322511449558131
0.6316567954616142
0.6310620744707
0.6304669823328436
0.6298715193980374
0.6292756860164912
0.6286794825386329
0.6280829093151081
0.6274859666967797
0.626888655034728
0.6262909746802503
0.6256929259848607
0.6250945093002899
0.624495724978485
0.6238965733716098
0.6232970548320433
0.622697169712381
0.6220969183654336
0.6214963011442273
0.6208953184020034
0.6202939704922186
0.6196922577685436
0.6190901805848644
0.618487739295281
0.6178849342541074
0.6172817658158719
0.6166782343353162
0.6160743401673958
0.6154700836672793
0.6148654651903485
0.6142604850921979
0.6136551437286348
0.6130494414556794
0.6124433786295634
0.6118369556067311
0.6112301727438384
0.6106230303977528
0.6100155289255534
0.6094076686845304
0.6087994500321852
0.6081908733262295
0.6075819389245862
0.6069726471853881
0.6063629984669785
0.6057529931279104
0.6051426315269466
0.6045319140230595
0.6039208409754308
0.6033094127434512
0.6026976296867204
0.6020854921650469
0.6014730005384473
0.600860155167147
0.6002469564115788
0.5996334046323839
0.5990195001904107
0.5984052434467155
0.5977906347625613
0.5971756744994184
0.5965603630189636
0.5959447006830808
0.5953286878538595
0.5947123248935959
0.5940956121647919
0.5934785500301551
0.5928611388525988
0.5922433789952414
0.5916252708214063
0.5910068146946219
0.590388010978621
0.5897688600373414
0.5891493622349246
0.5885295179357162
0.5879093275042655
0.5872887913053257
0.5866679097038531
0.5860466830650072
0.5854251117541502
0.5848031961368476
0.5841809365788668
0.5835583334461778
0.5829353871049525
0.5823120979215648
0.5816884662625902
0.5810644924948054
0.5804401769851887
0.579815520100919
0.5791905222093763
0.578565183678141
0.5779395048749939
0.5773134861679156
0.5766871279250871
0.5760604305148889
0.575433394305901
0.5748060196669024
0.5741783069668713
0.5735502565749852
0.5729218688606194
0.572293144193348
0.5716640829429432
0.5710346854793755
0.5704049521728126
0.56977488339362
0.5691444795123605
0.5685137408997938
0.5678826679268767
0.5672512609647625
0.5666195203848011
0.5659874465585384
0.5653550398577164
0.5647223006542728
0.564089229320341
0.5634558262282496
0.5628220917505224
0.5621880262598781
0.5615536301292299
0.5609189037316857
0.5602838474405476
0.5596484616293116
0.5590127466716676
0.5583767029414988
0.5577403308128824
0.5571036306600881
0.5564666028575789
0.5558292477800102
0.5551915658022302
0.5545535572992791
0.5539152226463893
0.553276562218985
0.5526375763926821
0.5519982655432873
0.5513586300467994
0.5507186702794074
0.5500783866174912
0.5494377794376214
0.5487968491165585
0.5481555960312534
0.5475140205588467
0.5468721230766685
0.5462299039622386
0.5455873635932653
0.5449445023476468
0.5443013206034691
0.5436578187390073
0.5430139971327246
0.5423698561632719
0.5417253962094886
0.5410806176504012
0.5404355208652237
0.5397901062333574
0.5391443741343902
0.5384983249480971
0.5378519590544394
0.5372052768335647
0.5365582786658065
0.5359109649316844
0.5352633360119036
0.534615392287354
0.5339671341391117
0.5333185619484369
0.5326696760967746
0.5320204769657548
0.5313709649371914
0.5307211403930822
0.5300710037156088
0.5294205552871365
0.5287697954902143
0.5281187247075736
0.5274673433221292
0.5268156517169788
0.5261636502754015
0.5255113393808598
0.5248587194169977
0.5242057907676407
0.5235525538167967
0.5228990089486539
0.5222451565475821
0.5215909969981322
0.5209365306850352
0.5202817579932029
0.5196266793077272
0.5189712950138798
0.5183156054971125
0.5176596111430563
0.5170033123375215
0.5163467094664979
0.5156898029161531
0.5150325930728346
0.5143750803230673
0.5137172650535548
0.5130591476511781
0.5124007285029968
0.5117420079962467
0.5110829865183418
0.5104236644568729
0.5097640421996075
0.5091041201344895
0.5084438986496395
0.5077833781333536
0.5071225589741046
0.5064614415605405
0.5058000262814842
0.505138313525935
0.5044763036830657
0.5038139971422252
0.5031513942929358
0.5024884955248948
0.5018253012279734
0.5011618117922161
0.5004980276078416
0.4998339490652418
0.4991695765549814
0.4985049104677984
0.4978399511946033
0.497174699126479
0.4965091546546807
0.495843318170635
0.4951771900659415
0.49451077073237
0.4938440605618625
0.4931770599465313
0.4925097692786601
0.4918421889507031
0.4911743193552845
0.4905061608851991
0.4898377139334113
0.489168978893055
0.4884999561574342
0.4878306461200212
0.4871610491744583
0.4864911657145553
0.4858209961342917
0.4851505408278147
0.4844798001894395
0.4838087746136492
0.4831374644950944
0.4824658702285934
0.4817939922091313
0.48112183083186
0.4804493864920985
0.4797766595853316
0.4791036505072107
0.4784303596535531
0.4777567874203419
0.4770829342037253
0.4764088004000172
0.4757343864056963
0.4750596926174063
0.474384719431955
0.4737094672463149
0.4730339364576225
0.4723581274631783
0.4716820406604463
0.4710056764470538
0.4703290352207909
0.4696521173796118
0.4689749233216319
0.4682974534451303
0.4676197081485475
0.4669416878304864
0.4662633928897114
0.4655848237251486
0.4649059807358856
0.4642268643211704
0.4635474748804123
0.4628678128131808
0.4621878785192064
0.461507672398379
0.4608271948507489
0.4601464462765256
0.4594654270760783
0.4587841376499351
0.4581025783987833
0.457420749723469
0.4567386520249962
0.4560562857045274
0.4553736511633835
0.4546907488030425
0.4540075790251404
0.45332414223147
0.4526404388239819
0.4519564692047825
0.4512722337761356
0.4505877329404609
0.4499029671003343
0.4492179366584877
0.4485326420178083
0.4478470835813391
0.4471612617522779
0.4464751769339775
0.4457888295299454
0.4451022199438437
0.4444153485794883
0.4437282158408496
0.443040822132051
0.4423531678573703
0.4416652534212376
0.4409770792282367
0.4402886456831038
0.4395999531907279
0.4389110021561501
0.4382217929845635
0.4375323260813134
0.4368426018518961
0.4361526207019597
0.4354623830373034
0.4347718892638769
0.4340811397877807
0.433390135015266
0.4326988753527335
0.4320073612067346
0.4313155929839698
0.4306235710912891
0.4299312959356919
0.4292387679243264
0.4285459874644893
0.4278529549636264
0.4271596708293312
0.4264661354693452
0.4257723492915579
0.4250783127040064
0.4243840261148745
0.4236894899324937
0.4229947045653419
0.4222996704220438
0.4216043879113701
0.4209088574422378
0.4202130794237098
0.4195170542649942
0.418820782375445
0.4181242641645608
0.4174275000419857
0.4167304904175075
0.4160332357010592
0.4153357363027178
0.4146379926327038
0.4139400051013817
0.4132417741192593
0.4125433000969879
0.4118445834453612
0.411145624575316
0.4104464238979313
0.4097469818244286
0.4090472987661712
0.408347375134664
0.4076472113415538
0.4069468077986281
0.4062461649178157
0.4055452831111863
0.4048441627909499
0.4041428043694569
0.4034412082591977
0.4027393748728021
0.4020373046230404
0.4013349979228212
0.4006324551851929
0.3999296768233421
0.3992266632505945
0.3985234148804138
0.3978199321264018
0.3971162154022986
0.3964122651219814
0.3957080816994649
0.395003665548901
0.3942990170845782
0.3935941367209223
0.3928890248724947
0.3921836819539932
0.3914781083802519
0.3907723045662401
0.3900662709270626
0.3893600078779595
0.3886535158343057
0.3879467952116107
0.3872398464255186
0.386532669891808
0.3858252660263904
0.3851176352453125
0.384409777964753
0.3837016946010245
0.3829933855705729
0.3822848512899762
0.3815760921759453
0.3808671086453229
0.3801579011150841
0.3794484700023354
0.3787388157243152
0.3780289386983929
0.3773188393420687
0.376608518072974
0.3758979753088704
0.3751872114676502
0.3744762269673349
0.3737650222260764
0.3730535976621562
0.3723419536939849
0.3716300907401018
0.3709180092191756
0.370205709550003
0.3694931921515097
0.3687804574427486
0.368067505842901
0.3673543377712755
0.3666409536473081
0.365927353890562
0.3652135389207269
0.3644995091576194
0.363785265021182
0.3630708069314841
0.36235613530872
0.3616412505732099
0.3609261531453997
0.3602108434458599
0.359495321895286
0.3587795889144985
0.3580636449244416
0.357347490346184
0.3566311256009181
0.35591455110996
0.3551977672947492
0.3544807745768478
0.3537635733779419
0.3530461641198388
0.3523285472244692
0.3516107231138856
0.3508926922102624
0.3501744549358953
0.349456011713202
0.3487373629647207
0.3480185091131109
0.3472994505811526
0.346580187791746
0.3458607211679116
0.3451410511327899
0.3444211781096407
0.3437011025218436
0.3429808247928972
0.3422603453464185
0.3415396646061438
0.3408187829959277
0.3400977009397422
0.3393764188616782
0.338654937185944
0.3379332563368646
0.3372113767388827
0.3364892988165581
0.3357670229945666
0.335044549697701
0.3343218793508697
0.3335990123790976
0.3328759492075249
0.3321526902614068
0.3314292359661145
0.3307055867471335
0.3299817430300639
0.3292577052406205
0.3285334738046323
0.3278090491480418
0.3270844316969052
0.3263596218773924
0.3256346201157864
0.3249094268384825
0.3241840424719897
0.3234584674429283
0.3227327021780313
0.3220067471041436
0.3212806026482217
0.3205542692373331
0.3198277472986569
0.3191010372594831
0.3183741395472119
0.3176470545893541
0.3169197828135307
0.3161923246474726
0.3154646805190202
0.3147368508561231
0.3140088360868405
0.3132806366393402
0.3125522529418985
0.3118236854229
0.311094934510838
0.3103660006343129
0.3096368842220329
0.3089075857028142
0.3081781055055792
0.307448444059358
0.3067186017932863
0.305988579136607
0.3052583765186688
0.3045279943689261
0.3037974331169391
0.3030666931923734
0.3023357750249993
0.3016046790446923
0.3008734056814323
0.3001419553653037
0.2994103285264947
0.2986785255952975
0.2979465470021076
0.2972143931774244
0.2964820645518499
0.2957495615560889
0.295016884620949
0.29428403417734
0.2935510106562734
0.292817814488863
0.2920844461063237
0.2913509059399723
0.290617194421226
0.2898833119816031
0.2891492590527225
0.2884150360663028
0.2876806434541633
0.2869460816482231
0.2862113510804998
0.2854764521831116
0.2847413853882746
0.2840061511283046
0.2832707498356149
0.2825351819427179
0.2817994478822233
0.281063548086839
0.2803274829893703
0.2795912530227194
0.278854858619886
0.2781183002139662
0.2773815782381523
0.2766446931257333
0.2759076453100935
0.2751704352247141
0.2744330633031701
0.2736955299791329
0.2729578356863686
0.2722199808587376
0.2714819659301948
0.2707437913347898
0.2700054575066653
0.2692669648800584
0.2685283138892989
0.2677895049688103
0.2670505385531087
0.2663114150768028
0.265572134974594
0.2648326986812751
0.264093106631732
0.2633533592609407
0.2626134570039698
0.2618734002959783
0.2611331895722162
0.260392825268024
0.2596523078188329
0.2589116376601638
0.2581708152276273
0.2574298409569241
0.2566887152838437
0.2559474386442649
0.255206011474155
0.2544644342095704
0.2537227072866551
0.2529808311416414
0.2522388062108496
0.2514966329306872
0.2507543117376491
0.2500118430683172
0.2492692273593598
0.2485264650475322
0.2477835565696755
0.2470405023627173
0.24629730286367
0.2455539585096323
0.244810469737788
0.2440668369854052
0.2433230606898374
0.242579141288522
0.2418350792189811
0.2410908749188201
0.2403465288257285
0.2396020413774791
0.2388574130119277
0.238112644167013
0.2373677352807565
0.236622686791262
0.235877499136715
0.2351321727553835
0.2343867080856167
0.2336411055658452
0.2328953656345807
0.2321494887304157
0.2314034752920233
0.2306573257581568
0.2299110405676498
0.229164620159415
0.2284180649724457
0.2276713754458135
0.2269245520186695
0.2261775951302434
0.2254305052198435
0.2246832827268563
0.2239359280907462
0.2231884417510552
0.2224408241474031
0.2216930757194867
0.2209451969070798
0.2201971881500327
0.2194490498882725
0.2187007825618019
0.2179523866107003
0.2172038624751219
0.2164552105952965
0.2157064314115299
0.2149575253642015
0.2142084928937663
0.2134593344407528
0.2127100504457644
0.2119606413494777
0.2112111075926436
0.2104614496160853
0.2097116678607001
0.2089617627674572
0.2082117347773991
0.2074615843316401
0.2067113118713666
0.2059609178378371
0.2052104026723811
0.2044597668163995
0.2037090107113644
0.2029581347988184
0.2022071395203745
0.2014560253177163
0.200704792632597
0.1999534419068394
0.1992019735823361
0.1984503881010484
0.197698685905007
0.1969468674363109
0.1961949331371277
0.1954428834496926
0.1946907188163094
0.1939384396793493
0.1931860464812502
0.1924335396645181
0.1916809196717251
0.1909281869455101
0.1901753419285782
0.1894223850637008
0.1886693167937147
0.1879161375615225
0.1871628478100922
0.1864094479824562
0.1856559385217122
0.1849023198710223
0.1841485924736128
0.1833947567727734
0.1826408132118583
0.181886762234285
0.1811326042835338
0.180378339803148
0.1796239692367337
0.1788694930279593
0.1781149116205555
0.1773602254583147
0.1766054349850911
0.1758505406447998
0.1750955428814175
0.1743404421389813
0.1735852388615896
0.1728299334933999
0.1720745264786309
0.1713190182615605
0.1705634092865261
0.1698076999979247
0.169051890840212
0.1682959822579025
0.1675399746955692
0.1667838685978432
0.1660276644094139
0.1652713625750279
0.1645149635394898
0.1637584677476608
0.1630018756444593
0.1622451876748603
0.1614884042838952
0.1607315259166515
0.1599745530182728
0.1592174860339576
0.1584603254089603
0.1577030715885905
0.1569457250182123
0.1561882861432443
0.1554307554091594
0.1546731332614852
0.1539154201458018
0.1531576165077438
0.152399722792999
0.1516417394473074
0.1508836669164626
0.1501255056463102
0.1493672560827479
0.1486089186717259
0.1478504938592452
0.1470919820913591
0.1463333838141712
0.1455746994738367
0.1448159295165611
0.1440570743885999
0.1432981345362595
0.1425391104058954
0.141780002443913
0.1410208110967672
0.1402615368109612
0.139502180033048
0.1387427412096284
0.1379832207873513
0.1372236192129145
0.1364639369330624
0.1357041743945879
0.1349443320443305
0.1341844103291766
0.1334244096960594
0.1326643305919588
0.1319041734639006
0.1311439387589562
0.1303836269242435
0.1296232384069244
0.1288627736542075
0.1281022331133447
0.1273416172316339
0.126580926456416
0.1258201612350768
0.1250593220150454
0.1242984092437951
0.1235374233688419
0.1227763648377447
0.1220152340981055
0.1212540315975683
0.12049275778382
0.1197314131045892
0.1189699980076454
0.1182085129408005
0.1174469583519074
0.1166853346888594
0.115923642399591
0.1151618819320763
0.1144000537343303
0.1136381582544077
0.1128761959404022
0.1121141672404471
0.1113520726027153
0.1105899124754176
0.1098276873068039
0.1090653975451621
0.1083030436388183
0.1075406260361361
0.1067781451855168
0.1060156015353985
0.1052529955342566
0.1044903276306029
0.1037275982729861
0.1029648079099904
0.1022019569902363
0.1014390459623798
0.1006760752751124
0.09991304537716027
0.09914995671728484
0.09838680974428188
0.09762360490698151
0.09686034265424785
0.09609702343497904
0.09533364769810608
0.09457021589259404
0.09380672846744031
0.09304318587167529
0.09227958855436171
0.09151593696459479
0.09075223155150119
0.08998847276423948
0.08922466105199979
0.08846079686400297
0.08769688064950119
0.08693291285777673
0.08616889393814267
0.08540482433994173
0.08464070451254688
0.08387653490536014
0.08311231596781353
0.08234804814936716
0.08158373189951036
0.08081936766776114
0.08005495590366575
0.07929049705679748
0.07852599157675867
0.07776143991317819
0.07699684251571207
0.0762321998340439
0.07546751231788303
0.07470278041696603
0.07393800458105473
0.07317318525993768
0.07240832290342809
0.07164341796136539
0.07087847088361339
0.07011348212006088
0.0693484521206212
0.06858338133523215
0.06781827021385482
0.06705311920647521
0.06628792876310137
0.06552269933376569
0.0647574313685228
0.06399212531745048
0.06322678163064842
0.06246140075823869
0.06169598315036547
0.06093052925719426
0.06016503952891174
0.05939951441572609
0.05863395436786586
0.0578683598355808
0.05710273126913984
0.05633706911883327
0.05557137383496999
0.05480564586787931
0.05403988566790885
0.05327409368542565
0.05250827037081587
0.05174241617448343
0.05097653154685043
0.05021061693835753
0.04944467279946233
0.04867869958063984
0.0479126977323828
0.04714666770520015
0.0463806099496176
0.0456145249161772
0.04484841305543701
0.04408227481797111
0.04331611065436842
0.04254992101523421
0.04178370635118743
0.04101746711286283
0.04025120375090895
0.03948491671598874
0.03871860645877932
0.0379522734299712
0.03718591808026811
0.03641954086038709
0.03565314222105828
0.0348867226130242
0.03412028248703949
0.03335382229387127
0.03258734248429803
0.03182084350911048
0.0310543258191097
0.03028778986510822
0.02952123609792977
0.02875466496840764
0.02798807692738626
0.02722147242571906
0.02645485191426988
0.02568821584391172
0.02492156466552673
0.02415489883000595
0.02338821878824905
0.02262152499116404
0.02185481788966726
0.02108809793468219
0.02032136557714076
0.01955462126798154
0.01878786545815034
0.01802109859859975
0.01725432114028884
0.01648753353418314
0.01572073623125392
0.01495392968247774
0.01418711433883746
0.01342029065132065
0.01265345907091961
0.01188662004863148
0.01111977403545799
0.01035292148240477
0.009586062840481087
0.008819198560699987
0.008052329094078291
0.007285454891634979
0.006518576404392479
0.005751694083375301
0.004984808379610651
0.004217919744127721
0.003451028627956767
0.002684135482129945
0.001917240757681049
0.001150344905644135
0.0003834483770539239
-0.0003834483770538014
-0.001150344905644013
-0.001917240757680926
-0.002684135482129822
-0.003451028627956645
-0.004217919744127598
-0.004984808379610527
-0.005751694083375178
-0.006518576404392356
-0.007285454891634856
-0.008052329094078169
-0.008819198560699865
-0.009586062840480965
-0.01035292148240465
-0.01111977403545787
-0.01188662004863136
-0.01265345907091949
-0.01342029065132053
-0.01418711433883733
-0.01495392968247762
-0.0157207362312538
-0.01648753353418301
-0.01725432114028871
-0.01802109859859963
-0.01878786545815022
-0.01955462126798142
-0.02032136557714063
-0.02108809793468206
-0.02185481788966714
-0.02262152499116392
-0.02338821878824893
-0.02415489883000583
-0.0249215646655266
-0.02568821584391159
-0.02645485191426976
-0.02722147242571894
-0.02798807692738613
-0.02875466496840752
-0.02952123609792965
-0.0302877898651081
-0.03105432581910958
-0.03182084350911035
-0.03258734248429791
-0.03335382229387114
-0.03412028248703936
-0.03488672261302408
-0.03565314222105816
-0.03641954086038696
-0.03718591808026799
-0.03795227342997107
-0.03871860645877919
-0.03948491671598862
-0.04025120375090882
-0.0410174671128627
-0.04178370635118731
-0.04254992101523409
-0.04331611065436829
-0.04408227481797098
-0.04484841305543689
-0.04561452491617708
-0.04638060994961748
-0.04714666770520003
-0.04791269773238268
-0.04867869958063972
-0.04944467279946221
-0.05021061693835741
-0.05097653154685031
-0.05174241617448331
-0.05250827037081574
-0.05327409368542552
-0.05403988566790872
-0.05480564586787919
-0.05557137383496986
-0.05633706911883314
-0.05710273126913971
-0.05786835983558068
-0.05863395436786573
-0.05939951441572597
-0.06016503952891162
-0.06093052925719414
-0.06169598315036534
-0.06246140075823858
-0.06322678163064831
-0.06399212531745037
-0.06475743136852269
-0.06552269933376557
-0.06628792876310126
-0.0670531192064751
-0.06781827021385471
-0.06858338133523204
-0.06934845212062109
-0.07011348212006077
-0.07087847088361328
-0.07164341796136528
-0.07240832290342798
-0.07317318525993757
-0.07393800458105462
-0.07470278041696592
-0.07546751231788291
-0.07623219983404379
-0.07699684251571196
-0.07776143991317808
-0.07852599157675856
-0.07929049705679737
-0.08005495590366564
-0.08081936766776103
-0.08158373189951025
-0.08234804814936705
-0.08311231596781342
-0.08387653490536003
-0.08464070451254677
-0.08540482433994163
-0.08616889393814256
-0.08693291285777661
-0.08769688064950108
-0.08846079686400286
-0.08922466105199968
-0.08998847276423937
-0.09075223155150108
-0.09151593696459467
-0.09227958855436159
-0.09304318587167518
-0.0938067284674402
-0.09457021589259393
-0.09533364769810597
-0.09609702343497893
-0.09686034265424774
-0.0976236049069814
-0.09838680974428177
-0.09914995671728473
-0.09991304537716017
-0.1006760752751123
-0.1014390459623797
-0.1022019569902362
-0.1029648079099903
-0.103727598272986
-0.1044903276306027
-0.1052529955342565
-0.1060156015353984
-0.1067781451855167
-0.107540626036136
-0.1083030436388182
-0.109065397545162
-0.1098276873068038
-0.1105899124754175
-0.1113520726027152
-0.112114167240447
-0.112876195940402
-0.1136381582544076
-0.1144000537343302
-0.1151618819320762
-0.1159236423995909
-0.1166853346888593
-0.1174469583519073
-0.1182085129408004
-0.1189699980076453
-0.119731413104589
-0.1204927577838199
-0.1212540315975681
-0.1220152340981054
-0.1227763648377446
-0.1235374233688418
-0.124298409243795
-0.1250593220150453
-0.1258201612350767
-0.1265809264564159
-0.1273416172316338
-0.1281022331133446
-0.1288627736542073
-0.1296232384069243
-0.1303836269242434
-0.1311439387589561
-0.1319041734639005
-0.1326643305919587
-0.1334244096960593
-0.1341844103291765
-0.1349443320443304
-0.1357041743945878
-0.1364639369330623
-0.1372236192129144
-0.1379832207873511
-0.1387427412096283
-0.1395021800330478
-0.1402615368109611
-0.1410208110967671
-0.1417800024439129
-0.1425391104058953
-0.1432981345362594
-0.1440570743885998
-0.144815929516561
-0.1455746994738366
-0.146333383814171
-0.147091982091359
-0.1478504938592451
-0.1486089186717258
-0.1493672560827478
-0.1501255056463101
-0.1508836669164625
-0.1516417394473073
-0.1523997227929988
-0.1531576165077437
-0.1539154201458017
-0.154673133261485
-0.1554307554091593
-0.1561882861432442
-0.1569457250182122
-0.1577030715885904
-0.1584603254089602
-0.1592174860339575
-0.1599745530182727
-0.1607315259166514
-0.1614884042838951
-0.1622451876748602
-0.1630018756444592
-0.1637584677476607
-0.1645149635394897
-0.1652713625750278
-0.1660276644094137
-0.1667838685978431
-0.1675399746955691
-0.1682959822579024
-0.1690518908402119
-0.1698076999979246
-0.170563409286526
-0.1713190182615603
-0.1720745264786308
-0.1728299334933998
-0.1735852388615894
-0.1743404421389812
-0.1750955428814174
-0.1758505406447997
-0.176605434985091
-0.1773602254583146
-0.1781149116205554
-0.1788694930279592
-0.1796239692367336
-0.1803783398031479
-0.1811326042835336
-0.181886762234285
-0.1826408132118582
-0.1833947567727733
-0.1841485924736127
-0.1849023198710222
-0.1856559385217122
-0.186409447982456
-0.1871628478100921
-0.1879161375615224
-0.1886693167937146
-0.1894223850637007
-0.1901753419285781
-0.1909281869455099
-0.191680919671725
-0.192433539664518
-0.1931860464812501
-0.1939384396793492
-0.1946907188163093
-0.1954428834496925
-0.1961949331371275
-0.1969468674363108
-0.1976986859050069
-0.1984503881010483
-0.199201973582336
-0.1999534419068393
-0.2007047926325969
-0.2014560253177161
-0.2022071395203744
-0.2029581347988182
-0.2037090107113643
-0.2044597668163994
-0.205210402672381
-0.205960917837837
-0.2067113118713665
-0.20746158433164
-0.208211734777399
-0.2089617627674571
-0.2097116678607
-0.2104614496160852
-0.2112111075926435
-0.2119606413494776
-0.2127100504457642
-0.2134593344407527
-0.2142084928937662
-0.2149575253642014
-0.2157064314115298
-0.2164552105952964
-0.2172038624751217
-0.2179523866107002
-0.2187007825618018
-0.2194490498882724
-0.2201971881500326
-0.2209451969070797
-0.2216930757194866
-0.222440824147403
-0.2231884417510551
-0.2239359280907461
-0.2246832827268561
-0.2254305052198434
-0.2261775951302432
-0.2269245520186694
-0.2276713754458134
-0.2284180649724456
-0.2291646201594149
-0.2299110405676497
-0.2306573257581566
-0.2314034752920232
-0.2321494887304156
-0.2328953656345806
-0.2336411055658451
-0.2343867080856165
-0.2351321727553833
-0.2358774991367149
-0.2366226867912619
-0.2373677352807564
-0.2381126441670129
-0.2388574130119276
-0.239602041377479
-0.2403465288257284
-0.2410908749188199
-0.241835079218981
-0.2425791412885219
-0.2433230606898373
-0.2440668369854051
-0.2448104697377879
-0.2455539585096322
-0.2462973028636699
-0.2470405023627172
-0.2477835565696754
-0.2485264650475321
-0.2492692273593597
-0.2500118430683171
-0.2507543117376489
-0.2514966329306871
-0.2522388062108495
-0.2529808311416413
-0.253722707286655
-0.2544644342095703
-0.2552060114741549
-0.2559474386442648
-0.2566887152838436
-0.2574298409569239
-0.2581708152276272
-0.2589116376601637
-0.2596523078188328
-0.2603928252680239
-0.2611331895722161
-0.2618734002959782
-0.2626134570039697
-0.2633533592609406
-0.2640931066317319
-0.2648326986812751
-0.2655721349745939
-0.2663114150768027
-0.2670505385531086
-0.2677895049688102
-0.2685283138892988
-0.2692669648800582
-0.2700054575066652
-0.2707437913347897
-0.2714819659301947
-0.2722199808587375
-0.2729578356863684
-0.2736955299791328
-0.2744330633031701
-0.275170435224714
-0.2759076453100934
-0.2766446931257331
-0.2773815782381522
-0.2781183002139661
-0.2788548586198859
-0.2795912530227193
-0.2803274829893702
-0.2810635480868389
-0.2817994478822232
-0.2825351819427178
-0.2832707498356148
-0.2840061511283045
-0.2847413853882745
-0.2854764521831116
-0.2862113510804997
-0.286946081648223
-0.2876806434541632
-0.2884150360663027
-0.2891492590527224
-0.2898833119816029
-0.2906171944212259
-0.2913509059399722
-0.2920844461063236
-0.2928178144888628
-0.2935510106562733
-0.2942840341773399
-0.2950168846209489
-0.2957495615560888
-0.2964820645518498
-0.2972143931774243
-0.2979465470021075
-0.2986785255952973
-0.2994103285264946
-0.3001419553653036
-0.3008734056814322
-0.3016046790446922
-0.3023357750249991
-0.3030666931923733
-0.303797433116939
-0.304527994368926
-0.3052583765186687
-0.3059885791366069
-0.3067186017932862
-0.3074484440593579
-0.3081781055055791
-0.3089075857028141
-0.3096368842220328
-0.3103660006343127
-0.3110949345108379
-0.3118236854228998
-0.3125522529418984
-0.3132806366393401
-0.3140088360868404
-0.314736850856123
-0.31546468051902
-0.3161923246474725
-0.3169197828135306
-0.317647054589354
-0.3183741395472118
-0.319101037259483
-0.3198277472986568
-0.320554269237333
-0.3212806026482216
-0.3220067471041435
-0.3227327021780312
-0.3234584674429282
-0.3241840424719896
-0.3249094268384824
-0.3256346201157863
-0.3263596218773923
-0.327084431696905
-0.3278090491480417
-0.3285334738046322
-0.3292577052406204
-0.3299817430300639
-0.3307055867471334
-0.3314292359661143
-0.3321526902614066
-0.3328759492075248
-0.3335990123790974
-0.3343218793508695
-0.3350445496977009
-0.3357670229945665
-0.336489298816558
-0.3372113767388826
-0.3379332563368644
-0.3386549371859439
-0.3393764188616782
-0.3400977009397421
-0.3408187829959275
-0.3415396646061438
-0.3422603453464184
-0.342980824792897
-0.3437011025218435
-0.3444211781096406
-0.3451410511327898
-0.3458607211679114
-0.3465801877917459
-0.3472994505811525
-0.3480185091131108
-0.3487373629647206
-0.3494560117132019
-0.3501744549358952
-0.3508926922102623
-0.3516107231138855
-0.3523285472244691
-0.3530461641198387
-0.3537635733779418
-0.3544807745768477
-0.3551977672947491
-0.3559145511099599
-0.356631125600918
-0.3573474903461838
-0.3580636449244415
-0.3587795889144984
-0.359495321895286
-0.3602108434458598
-0.3609261531453996
-0.3616412505732098
-0.3623561353087199
-0.363070806931484
-0.363785265021182
-0.3644995091576193
-0.3652135389207268
-0.3659273538905619
-0.366640953647308
-0.3673543377712754
-0.3680675058429009
-0.3687804574427485
-0.3694931921515097
-0.3702057095500029
-0.3709180092191755
-0.3716300907401017
-0.3723419536939848
-0.3730535976621561
-0.3737650222260763
-0.3744762269673348
-0.3751872114676501
-0.3758979753088704
-0.3766085180729739
-0.3773188393420686
-0.3780289386983928
-0.3787388157243151
-0.3794484700023353
-0.380157901115084
-0.3808671086453229
-0.3815760921759453
-0.3822848512899761
-0.3829933855705729
-0.3837016946010244
-0.3844097779647528
-0.3851176352453123
-0.3858252660263903
-0.3865326698918079
-0.3872398464255185
-0.3879467952116106
-0.3886535158343056
-0.3893600078779594
-0.3900662709270625
-0.39077230456624
-0.3914781083802519
-0.3921836819539931
-0.3928890248724946
-0.3935941367209222
-0.3942990170845781
-0.3950036655489009
-0.3957080816994648
-0.3964122651219813
-0.3971162154022985
-0.3978199321264017
-0.3985234148804137
-0.3992266632505944
-0.399929676823342
-0.4006324551851927
-0.4013349979228211
-0.4020373046230403
-0.4027393748728021
-0.4034412082591976
-0.4041428043694568
-0.4048441627909499
-0.4055452831111863
-0.4062461649178156
-0.406946807798628
-0.4076472113415537
-0.4083473751346638
-0.4090472987661711
-0.4097469818244285
-0.4104464238979312
-0.4111456245753159
-0.4118445834453611
-0.4125433000969878
-0.4132417741192592
-0.4139400051013816
-0.4146379926327037
-0.4153357363027177
-0.4160332357010591
-0.4167304904175072
-0.4174275000419856
-0.4181242641645607
-0.4188207823754451
-0.4195170542649941
-0.4202130794237096
-0.4209088574422375
-0.4216043879113702
-0.4222996704220435
-0.4229947045653418
-0.4236894899324937
-0.4243840261148744
-0.4250783127040063
-0.425772349291558
-0.4264661354693451
-0.427159670829331
-0.4278529549636261
-0.4285459874644894
-0.4292387679243261
-0.4299312959356916
-0.430623571091289
-0.4313155929839697
-0.4320073612067347
-0.4326988753527337
-0.4333901350152659
-0.4340811397877805
-0.4347718892638766
-0.4354623830373031
-0.4361526207019598
-0.4368426018518959
-0.4375323260813133
-0.4382217929845636
-0.4389110021561502
-0.439599953190728
-0.4402886456831036
-0.4409770792282364
-0.4416652534212373
-0.4423531678573701
-0.443040822132051
-0.4437282158408496
-0.4444153485794882
-0.4451022199438438
-0.4457888295299455
-0.4464751769339772
-0.4471612617522778
-0.447847083581339
-0.4485326420178082
-0.4492179366584874
-0.4499029671003341
-0.4505877329404608
-0.4512722337761355
-0.4519564692047822
-0.4526404388239816
-0.4533241422314701
-0.4540075790251401
-0.4546907488030422
-0.4553736511633834
-0.4560562857045272
-0.4567386520249959
-0.4574207497234687
-0.4581025783987834
-0.458784137649935
-0.459465427076078
-0.4601464462765255
-0.460827194850749
-0.461507672398379
-0.4621878785192065
-0.4628678128131807
-0.463547474880412
-0.4642268643211701
-0.4649059807358853
-0.4655848237251485
-0.4662633928897115
-0.4669416878304863
-0.4676197081485474
-0.46829745344513
-0.468974923321632
-0.4696521173796115
-0.4703290352207911
-0.4710056764470534
-0.4716820406604464
-0.4723581274631783
-0.4730339364576224
-0.473709467246315
-0.4743847194319547
-0.475059692617406
-0.4757343864056964
-0.4764088004000171
-0.4770829342037253
-0.4777567874203416
-0.478430359653553
-0.4791036505072105
-0.4797766595853314
-0.4804493864920983
-0.48112183083186
-0.4817939922091309
-0.4824658702285932
-0.4831374644950944
-0.483808774613649
-0.4844798001894393
-0.4851505408278147
-0.4858209961342916
-0.4864911657145551
-0.4871610491744581
-0.4878306461200211
-0.488499956157434
-0.4891689788930548
-0.4898377139334111
-0.4905061608851989
-0.4911743193552845
-0.4918421889507031
-0.4925097692786601
-0.493177059946531
-0.4938440605618624
-0.49451077073237
-0.4951771900659415
-0.495843318170635
-0.4965091546546804
-0.4971746991264788
-0.4978399511946031
-0.4985049104677982
-0.4991695765549812
-0.4998339490652416
-0.5004980276078416
-0.5011618117922159
-0.501825301227973
-0.5024884955248946
-0.5031513942929358
-0.503813997142225
-0.5044763036830657
-0.5051383135259347
-0.5058000262814842
-0.5064614415605403
-0.5071225589741046
-0.5077833781333536
-0.5084438986496392
-0.5091041201344895
-0.5097640421996075
-0.5104236644568729
-0.5110829865183417
-0.5117420079962464
-0.5124007285029966
-0.513059147651178
-0.5137172650535548
-0.5143750803230671
-0.5150325930728346
-0.5156898029161531
-0.5163467094664977
-0.5170033123375215
-0.517659611143056
-0.5183156054971122
-0.5189712950138795
-0.519626679307727
-0.5202817579932028
-0.5209365306850348
-0.5215909969981322
-0.522245156547582
-0.5228990089486537
-0.5235525538167964
-0.5242057907676407
-0.5248587194169974
-0.5255113393808595
-0.5261636502754015
-0.5268156517169785
-0.5274673433221291
-0.5281187247075733
-0.5287697954902141
-0.5294205552871363
-0.5300710037156084
-0.5307211403930818
-0.5313709649371912
-0.5320204769657548
-0.5326696760967745
-0.5333185619484366
-0.5339671341391117
-0.534615392287354
-0.5352633360119032
-0.5359109649316844
-0.5365582786658063
-0.5372052768335644
-0.5378519590544391
-0.5384983249480969
-0.5391443741343901
-0.5397901062333572
-0.5404355208652235
-0.5410806176504009
-0.5417253962094886
-0.5423698561632718
-0.5430139971327242
-0.543657818739007
-0.5443013206034688
-0.5449445023476465
-0.5455873635932653
-0.5462299039622383
-0.5468721230766683
-0.5475140205588466
-0.5481555960312533
-0.5487968491165585
-0.5494377794376213
-0.550078386617491
-0.5507186702794071
-0.5513586300467991
-0.5519982655432872
-0.552637576392682
-0.553276562218985
-0.5539152226463893
-0.554553557299279
-0.5551915658022301
-0.5558292477800101
-0.5564666028575788
-0.5571036306600881
-0.5577403308128821
-0.5583767029414988
-0.5590127466716674
-0.5596484616293113
-0.5602838474405475
-0.5609189037316857
-0.5615536301292298
-0.562188026259878
-0.5628220917505222
-0.5634558262282496
-0.5640892293203407
-0.5647223006542724
-0.5653550398577163
-0.5659874465585382
-0.5666195203848011
-0.5672512609647624
-0.5678826679268764
-0.5685137408997937
-0.5691444795123604
-0.5697748833936199
-0.5704049521728126
-0.5710346854793754
-0.5716640829429431
-0.5722931441933479
-0.5729218688606192
-0.5735502565749852
-0.5741783069668713
-0.5748060196669021
-0.5754333943059009
-0.5760604305148889
-0.576687127925087
-0.5773134861679154
-0.5779395048749935
-0.5785651836781409
-0.5791905222093762
-0.5798155201009187
-0.5804401769851883
-0.5810644924948051
-0.58168846626259
-0.5823120979215646
-0.5829353871049523
-0.5835583334461778
-0.5841809365788668
-0.5848031961368475
-0.5854251117541502
-0.5860466830650071
-0.5866679097038529
-0.5872887913053256
-0.5879093275042655
-0.5885295179357158
-0.5891493622349243
-0.5897688600373412
-0.5903880109786209
-0.5910068146946215
-0.5916252708214061
-0.5922433789952413
-0.5928611388525988
-0.593478550030155
-0.5940956121647918
-0.5947123248935956
-0.5953286878538593
-0.5959447006830806
-0.5965603630189636
-0.5971756744994181
-0.5977906347625611
-0.5984052434467153
-0.5990195001904106
-0.5996334046323837
-0.6002469564115787
-0.6008601551671469
-0.6014730005384471
-0.6020854921650466
-0.6026976296867201
-0.6033094127434511
-0.6039208409754306
-0.6045319140230592
-0.6051426315269463
-0.6057529931279103
-0.6063629984669783
-0.606972647185388
-0.6075819389245861
-0.6081908733262295
-0.6087994500321851
-0.6094076686845303
-0.610015528925553
-0.6106230303977526
-0.6112301727438381
-0.6118369556067308
-0.6124433786295633
-0.6130494414556792
-0.6136551437286348
-0.6142604850921978
-0.6148654651903481
-0.6154700836672792
-0.6160743401673957
-0.6166782343353161
-0.6172817658158718
-0.6178849342541073
-0.6184877392952809
-0.6190901805848644
-0.6196922577685434
-0.6202939704922182
-0.6208953184020032
-0.6214963011442272
-0.6220969183654335
-0.6226971697123808
-0.6232970548320431
-0.6238965733716095
-0.6244957249784848
-0.6250945093002898
-0.6256929259848604
-0.6262909746802502
-0.6268886550347279
-0.6274859666967795
-0.6280829093151079
-0.6286794825386328
-0.629275686016491
-0.6298715193980372
-0.6304669823328436
-0.6310620744706996
-0.6316567954616139
-0.632251144955813
-0.632845122603741
-0.6334387280560622
-0.6340319609636588
-0.6346248209776318
-0.635217307749303
-0.635809420930212
-0.6364011601721193
-0.636992525127005
-0.6375835154470689
-0.6381741307847318
-0.6387643707926345
-0.6393542351236386
-0.6399437234308275
-0.6405328353675045
-0.641121570587195
-0.6417099287436453
-0.6422979094908247
-0.6428855124829235
-0.6434727373743543
-0.6440595838197518
-0.6446460514739741
-0.6452321399921013
-0.6458178490294371
-0.6464031782415077
-0.6469881272840635
-0.6475726958130774
-0.6481568834847473
-0.6487406899554945
-0.6493241148819643
-0.6499071579210265
-0.6504898187297761
-0.651072096965532
-0.6516539922858388
-0.6522355043484657
-0.652816632811408
-0.6533973773328861
-0.6539777375713465
-0.6545577131854611
-0.6551373038341289
-0.6557165091764748
-0.6562953288718505
-0.6568737625798339
-0.6574518099602312
-0.6580294706730744
-0.6586067443786234
-0.6591836307373664
-0.6597601294100188
-0.6603362400575239
-0.6609119623410532
-0.6614872959220069
-0.6620622404620141
-0.6626367956229317
-0.6632109610668464
-0.6637847364560739
-0.6643581214531598
-0.6649311157208779
-0.6655037189222335
-0.6660759307204607
-0.6666477507790242
-0.6672191787616194
-0.6677902143321719
-0.6683608571548381
-0.6689311068940054
-0.6695009632142925
-0.6700704257805494
-0.6706394942578582
-0.6712081683115316
-0.6717764476071152
-0.6723443318103867
-0.6729118205873558
-0.6734789136042649
-0.6740456105275895
-0.6746119110240375
-0.6751778147605508
-0.6757433214043034
-0.6763084306227034
-0.6768731420833937
-0.6774374554542494
-0.6780013704033805
-0.6785648865991318
-0.6791280037100815
-0.6796907214050439
-0.6802530393530672
-0.680814957223435
-0.6813764746856661
-0.681937591409515
-0.6824983070649715
-0.6830586213222616
-0.6836185338518476
-0.6841780443244275
-0.6847371524109365
-0.6852958577825452
-0.6858541601106627
-0.6864120590669338
-0.6869695543232411
-0.6875266455517046
-0.6880833324246818
-0.6886396146147682
-0.6891954917947974
-0.6897509636378405
-0.6903060298172079
-0.6908606900064481
-0.6914149438793481
-0.6919687911099348
-0.6925222313724732
-0.6930752643414684
-0.6936278896916644
-0.6941801070980459
-0.6947319162358364
-0.6952833167805003
-0.6958343084077422
-0.6963848907935064
-0.6969350636139791
-0.6974848265455867
-0.6980341792649966
-0.6985831214491178
-0.6991316527751005
-0.6996797729203366
-0.7002274815624601
-0.7007747783793464
-0.7013216630491136
-0.7018681352501224
-0.7024141946609752
-0.7029598409605179
-0.7035050738278394
-0.7040498929422716
-0.7045942979833892
-0.7051382886310116
-0.7056818645652008
-0.7062250254662629
-0.706767771014749
-0.707310100891453
-0.707852014777415
-0.7083935123539181
-0.7089345933024913
-0.7094752573049082
-0.7100155040431878
-0.7105553331995945
-0.7110947444566382
-0.7116337374970745
-0.7121723120039052
-0.7127104676603779
-0.7132482041499874
-0.7137855211564739
-0.7143224183638244
-0.714858895456274
-0.7153949521183036
-0.715930588034642
-0.7164658028902657
-0.7170005963703978
-0.71753496816051
-0.718068917946322
-0.7186024454138016
-0.7191355502491649
-0.7196682321388768
-0.7202004907696502
-0.7207323258284483
-0.7212637370024819
-0.7217947239792122
-0.7223252864463495
-0.7228554240918534
-0.7233851366039341
-0.7239144236710511
-0.7244432849819147
-0.7249717202254855
-0.7254997290909742
-0.7260273112678426
-0.7265544664458037
-0.7270811943148214
-0.7276074945651108
-0.7281333668871386
-0.728658810971623
-0.7291838265095344
-0.7297084131920952
-0.7302325707107797
-0.7307562987573148
-0.7312795970236802
-0.7318024652021081
-0.7323249029850836
-0.732846910065345
-0.7333684861358838
-0.7338896308899454
-0.7344103440210288
-0.7349306252228862
-0.7354504741895245
-0.7359698906152043
-0.7364888741944416
-0.7370074246220057
-0.7375255415929213
-0.7380432248024678
-0.73856047394618
-0.7390772887198476
-0.7395936688195166
-0.7401096139414876
-0.7406251237823174
-0.741140198038819
-0.7416548364080615
-0.7421690385873702
-0.742682804274327
-0.7431961331667708
-0.7437090249627968
-0.744221479360758
-0.744733496059264
-0.7452450747571819
-0.7457562151536374
-0.7462669169480123
-0.7467771798399474
-0.7472870035293421
-0.7477963877163527
-0.7483053321013948
-0.7488138363851431
-0.7493219002685305
-0.7498295234527488
-0.7503367056392496
-0.7508434465297431
-0.7513497458261996
-0.7518556032308495
-0.7523610184461818
-0.7528659911749466
-0.7533705211201542
-0.7538746079850748
-0.7543782514732393
-0.7548814512884401
-0.7553842071347299
-0.7558865187164219
-0.7563883857380918
-0.7568898079045763
-0.7573907849209733
-0.7578913164926433
-0.7583914023252077
-0.7588910421245515
-0.7593902355968208
-0.7598889824484246
-0.7603872823860345
-0.7608851351165853
-0.7613825403472746
-0.761879497785563
-0.7623760071391743
-0.7628720681160965
-0.763367680424581
-0.7638628437731431
-0.7643575578705615
-0.7648518224258801
-0.7653456371484065
-0.7658390017477136
-0.7663319159336383
-0.7668243794162826
-0.7673163919060138
-0.7678079531134642
-0.7682990627495314
-0.768789720525379
-0.7692799261524361
-0.7697696793423977
-0.7702589798072248
-0.7707478272591451
-0.7712362214106523
-0.7717241619745069
-0.772211648663736
-0.7726986811916337
-0.7731852592717614
-0.7736713826179475
-0.7741570509442884
-0.7746422639651468
-0.7751270213951549
-0.7756113229492115
-0.7760951683424842
-0.7765785572904084
-0.7770614895086888
-0.7775439647132978
-0.7780259826204773
-0.7785075429467371
-0.7789886454088573
-0.7794692897238872
-0.7799494756091443
-0.7804292027822171
-0.7809084709609629
-0.7813872798635102
-0.7818656292082561
-0.7823435187138691
-0.7828209480992873
-0.7832979170837201
-0.7837744253866479
-0.7842504727278206
-0.7847260588272609
-0.7852011834052618
-0.7856758461823878
-0.7861500468794755
-0.7866237852176332
-0.7870970609182399
-0.7875698737029485
-0.7880422232936832
-0.7885141094126403
-0.7889855317822898
-0.7894564901253731
-0.7899269841649055
-0.7903970136241749
-0.7908665782267426
-0.7913356776964435
-0.7918043117573855
-0.7922724801339507
-0.792740182550795
-0.7932074187328481
-0.7936741884053145
-0.7941404912936718
-0.7946063271236739
-0.7950716956213481
-0.7955365965129969
-0.7960010295251979
-0.7964649943848037
-0.7969284908189425
-0.7973915185550178
-0.7978540773207086
-0.7983161668439704
-0.7987777868530337
-0.7992389370764058
-0.7996996172428702
-0.8001598270814867
-0.800619566321592
-0.8010788346927988
-0.8015376319249979
-0.8019959577483566
-0.8024538118933189
-0.8029111940906073
-0.8033681040712207
-0.8038245415664371
-0.8042805063078111
-0.8047359980271759
-0.8051910164566431
-0.8056455613286024
-0.8060996323757219
-0.8065532293309483
-0.8070063519275077
-0.8074589998989046
-0.8079111729789229
-0.8083628709016261
-0.8088140934013561
-0.8092648402127358
-0.8097151110706668
-0.8101649057103313
-0.8106142238671907
-0.811063065276988
-0.8115114296757453
-0.8119593167997661
-0.8124067263856338
-0.8128536581702138
-0.8133001118906511
-0.813746087284373
-0.8141915840890876
-0.8146366020427847
-0.8150811408837351
-0.8155252003504926
-0.8159687801818919
-0.8164118801170499
-0.8168544998953664
-0.8172966392565227
-0.8177382979404836
-0.8181794756874956
-0.8186201722380888
-0.819060387333076
-0.819500120713553
-0.8199393721208995
-0.8203781412967781
-0.8208164279831355
-0.8212542319222014
-0.82169155285649
-0.8221283905287997
-0.8225647446822126
-0.8230006150600956
-0.8234360014061
-0.8238709034641619
-0.8243053209785017
-0.8247392536936253
-0.8251727013543235
-0.8256056637056728
-0.8260381404930344
-0.8264701314620558
-0.8269016363586693
-0.8273326549290944
-0.8277631869198352
-0.8281932320776829
-0.828622790149715
-0.829051860883295
-0.8294804440260732
-0.8299085393259867
-0.8303361465312595
-0.8307632653904033
-0.8311898956522158
-0.8316160370657826
-0.8320416893804773
-0.8324668523459605
-0.8328915257121808
-0.8333157092293749
-0.8337394026480675
-0.8341626057190712
-0.8345853181934878
-0.8350075398227068
-0.835429270358407
-0.8358505095525552
-0.8362712571574084
-0.8366915129255115
-0.8371112766096994
-0.8375305479630966
-0.8379493267391163
-0.8383676126914618
-0.8387854055741265
-0.8392027051413938
-0.8396195111478366
-0.8400358233483188
-0.8404516414979948
-0.8408669653523084
-0.8412817946669955
-0.841696129198082
-0.8421099687018851
-0.8425233129350136
-0.842936161654366
-0.8433485146171344
-0.8437603715808009
-0.8441717323031399
-0.8445825965422175
-0.8449929640563919
-0.8454028346043132
-0.8458122079449243
-0.84622108383746
-0.846629462041448
-0.8470373423167084
-0.8474447244233541
-0.8478516081217917
-0.8482579931727203
-0.8486638793371322
-0.8490692663763134
-0.8494741540518433
-0.8498785421255952
-0.8502824303597362
-0.8506858185167268
-0.8510887063593223
-0.8514910936505722
-0.8518929801538199
-0.852294365632704
-0.8526952498511569
-0.8530956325734067
-0.8534955135639761
-0.8538948925876825
-0.8542937694096391
-0.8546921437952542
-0.8550900155102314
-0.8554873843205705
-0.8558842499925665
-0.8562806122928108
-0.8566764709881902
-0.8570718258458883
-0.8574666766333846
-0.8578610231184555
-0.8582548650691735
-0.8586482022539084
-0.8590410344413265
-0.8594333614003907
-0.8598251829003623
-0.8602164987107982
-0.8606073086015542
-0.8609976123427827
-0.8613874097049343
-0.8617767004587571
-0.8621654843752973
-0.8625537612258992
-0.8629415307822054
-0.8633287928161565
-0.863715547099992
-0.8641017934062497
-0.8644875315077667
-0.8648727611776781
-0.8652574821894188
-0.8656416943167226
-0.8660253973336225
-0.866408591014451
-0.8667912751338402
-0.8671734494667216
-0.8675551137883274
-0.8679362678741884
-0.8683169115001365
-0.8686970444423036
-0.8690766664771218
-0.8694557773813238
-0.8698343769319428
-0.8702124649063127
-0.8705900410820686
-0.8709671052371462
-0.8713436571497823
-0.8717196965985158
-0.872095223362186
-0.8724702372199342
-0.8728447379512033
-0.8732187253357376
-0.873592199153584
-0.873965159185091
-0.8743376052109095
-0.8747095370119923
-0.8750809543695952
-0.8754518570652762
-0.875822244880896
-0.8761921175986181
-0.8765614750009092
-0.8769303168705389
-0.8772986429905797
-0.8776664531444081
-0.8780337471157034
-0.878400524688449
-0.8787667856469314
-0.8791325297757419
-0.8794977568597745
-0.8798624666842285
-0.8802266590346065
-0.880590333696716
-0.8809534904566689
-0.8813161291008814
-0.8816782494160746
-0.8820398511892747
-0.8824009342078123
-0.8827614982593235
-0.8831215431317495
-0.883481068613337
-0.883840074492638
-0.8841985605585101
-0.8845565266001166
-0.8849139724069269
-0.8852708977687163
-0.8856273024755655
-0.8859831863178623
-0.8863385490863007
-0.8866933905718807
-0.8870477105659091
-0.8874015088599998
-0.8877547852460728
-0.8881075395163556
-0.8884597714633825
-0.8888114808799954
-0.8891626675593429
-0.8895133312948816
-0.8898634718803751
-0.8902130891098953
-0.8905621827778214
-0.8909107526788409
-0.8912587986079488
-0.8916063203604492
-0.8919533177319532
-0.8922997905183817
-0.8926457385159631
-0.8929911615212346
-0.8933360593310428
-0.8936804317425423
-0.8940242785531974
-0.8943675995607813
-0.8947103945633762
-0.8950526633593737
-0.8953944057474756
-0.8957356215266922
-0.8960763104963444
-0.8964164724560623
-0.8967561072057864
-0.897095214545767
-0.8974337942765648
-0.8977718461990505
-0.8981093701144055
-0.8984463658241217
-0.8987828331300018
-0.8991187718341587
-0.8994541817390165
-0.8997890626473106
-0.9001234143620873
-0.9004572366867042
-0.9007905294248297
-0.9011232923804444
-0.9014555253578406
-0.9017872281616213
-0.902118400596702
-0.9024490424683104
-0.9027791535819856
-0.9031087337435794
-0.9034377827592551
-0.9037663004354897
-0.9040942865790709
-0.9044217409971009
-0.9047486634969931
-0.9050750538864748
-0.9054009119735854
-0.9057262375666781
-0.9060510304744188
-0.9063752905057869
-0.906699017470075
-0.9070222111768896
-0.9073448714361504
-0.907666998058091
-0.9079885908532591
-0.9083096496325159
-0.9086301742070368
-0.9089501643883117
-0.9092696199881445
-0.9095885408186535
-0.9099069266922718
-0.9102247774217466
-0.9105420928201404
-0.9108588727008301
-0.911175116877508
-0.9114908251641809
-0.9118059973751713
-0.9121206333251168
-0.9124347328289701
-0.9127482957019999
-0.91306132175979
-0.9133738108182408
-0.913685762693567
-0.9139971772023011
-0.9143080541612899
-0.9146183933876975
-0.9149281946990039
-0.9152374579130053
-0.9155461828478146
-0.9158543693218613
-0.9161620171538913
-0.9164691261629679
-0.9167756961684703
-0.9170817269900957
-0.9173872184478579
-0.9176921703620878
-0.9179965825534342
-0.9183004548428627
-0.9186037870516568
-0.9189065790014175
-0.9192088305140637
-0.9195105414118316
-0.9198117115172764
-0.9201123406532703
-0.9204124286430043
-0.9207119753099873
-0.9210109804780466
-0.9213094439713287
-0.9216073656142973
-0.9219047452317362
-0.9222015826487471
-0.9224978776907505
-0.9227936301834866
-0.9230888399530143
-0.9233835068257116
-0.9236776306282756
-0.9239712111877235
-0.9242642483313915
-0.9245567418869354
-0.9248486916823305
-0.9251400975458728
-0.925430959306177
-0.9257212767921786
-0.9260110498331331
-0.926300278258616
-0.9265889618985231
-0.926877100583071
-0.9271646941427962
-0.9274517424085564
-0.9277382452115295
-0.9280242023832144
-0.9283096137554311
-0.9285944791603203
-0.9288787984303439
-0.9291625713982853
-0.9294457978972483
-0.9297284777606596
-0.9300106108222658
-0.9302921969161361
-0.9305732358766609
-0.9308537275385529
-0.931133671736846
-0.9314130683068969
-0.9316919170843833
-0.931970217905306
-0.932247970605988
-0.9325251750230742
-0.9328018309935321
-0.9330779383546518
-0.9333534969440465
-0.9336285065996514
-0.9339029671597249
-0.9341768784628484
-0.9344502403479263
-0.9347230526541862
-0.9349953152211786
-0.9352670278887778
-0.9355381904971809
-0.9358088028869093
-0.9360788648988072
-0.936348376374043
-0.9366173371541088
-0.9368857470808203
-0.9371536059963177
-0.9374209137430647
-0.9376876701638497
-0.9379538751017847
-0.9382195284003069
-0.9384846299031769
-0.938749179454481
-0.9390131768986288
-0.939276622080356
-0.9395395148447221
-0.9398018550371117
-0.9400636425032346
-0.9403248770891256
-0.9405855586411447
-0.9408456870059769
-0.941105262030633
-0.9413642835624487
-0.9416227514490857
-0.941880665538531
-0.9421380256790974
-0.9423948317194236
-0.9426510835084743
-0.9429067808955396
-0.943161923730236
-0.9434165118625066
-0.9436705451426199
-0.9439240234211714
-0.9441769465490828
-0.944429314377602
-0.944681126758304
-0.9449323835430901
-0.9451830845841884
-0.9454332297341541
-0.9456828188458691
-0.9459318517725424
-0.94618032836771
-0.9464282484852355
-0.9466756119793093
-0.9469224187044493
-0.9471686685155009
-0.9474143612676371
-0.9476594968163584
-0.9479040750174932
-0.9481480957271974
-0.9483915588019551
-0.9486344640985781
-0.9488768114742064
-0.9491186007863083
-0.9493598318926796
-0.9496005046514452
-0.9498406189210581
-0.9500801745602997
-0.9503191714282799
-0.9505576093844375
-0.9507954882885397
-0.9510328080006826
-0.9512695683812912
-0.9515057692911196
-0.9517414105912507
-0.9519764921430967
-0.9522110138083989
-0.9524449754492279
-0.9526783769279837
-0.9529112181073958
-0.9531434988505231
-0.9533752190207542
-0.9536063784818073
-0.9538369770977305
-0.9540670147329018
-0.9542964912520289
-0.9545254065201496
-0.9547537604026318
-0.9549815527651737
-0.9552087834738036
-0.95543545239488
-0.9556615593950922
-0.9558871043414596
-0.9561120871013324
-0.9563365075423912
-0.9565603655326477
-0.9567836609404439
-0.9570063936344529
-0.9572285634836792
-0.9574501703574575
-0.957671214125454
-0.9578916946576663
-0.9581116118244231
-0.9583309654963841
-0.9585497555445408
-0.9587679818402162
-0.9589856442550644
-0.9592027426610719
-0.9594192769305561
-0.9596352469361668
-0.9598506525508852
-0.9600654936480251
-0.9602797701012313
-0.9604934817844816
-0.9607066285720856
-0.9609192103386849
-0.961131226959254
-0.9613426783090991
-0.9615535642638594
-0.9617638846995064
-0.961973639492344
-0.9621828285190092
-0.9623914516564716
-0.9625995087820332
-0.9628069997733295
-0.9630139245083286
-0.9632202828653317
-0.9634260747229733
-0.9636312999602206
-0.9638359584563746
-0.9640400500910693
-0.964243574744272
-0.9644465322962839
-0.9646489226277392
-0.964850745619606
-0.9650520011531862
-0.9652526891101151
-0.965452809372362
-0.9656523618222299
-0.9658513463423563
-0.9660497628157116
-0.9662476111256018
-0.9664448911556656
-0.9666416027898769
-0.9668377459125435
-0.9670333204083075
-0.9672283261621457
-0.9674227630593693
-0.9676166309856238
-0.9678099298268896
-0.9680026594694818
-0.9681948198000502
-0.9683864107055792
-0.9685774320733888
-0.9687678837911328
-0.9689577657468014
-0.9691470778287187
-0.9693358199255446
-0.9695239919262743
-0.9697115937202379
-0.9698986251971009
-0.9700850862468645
-0.9702709767598654
-0.9704562966267756
-0.9706410457386027
-0.9708252239866901
-0.971008831262717
-0.9711918674586982
-0.9713743324669848
-0.9715562261802632
-0.9717375484915564
-0.971918299294223
-0.972098478481958
-0.9722780859487925
-0.9724571215890938
-0.9726355852975657
-0.972813476969248
-0.9729907964995173
-0.9731675437840865
-0.9733437187190052
-0.9735193212006594
-0.9736943511257721
-0.9738688083914026
-0.9740426928949472
-0.9742160045341393
-0.9743887432070489
-0.9745609088120832
-0.9747325012479863
-0.9749035204138393
-0.9750739662090608
-0.9752438385334062
-0.9754131372869685
-0.9755818623701779
-0.975750013683802
-0.9759175911289458
-0.976084594607052
-0.9762510240199006
-0.9764168792696094
-0.976582160258634
-0.9767468668897673
-0.9769109990661405
-0.9770745566912225
-0.9772375396688197
-0.9773999479030772
-0.9775617812984776
-0.9777230397598415
-0.9778837231923284
-0.9780438315014349
-0.9782033645929966
-0.9783623223731873
-0.9785207047485189
-0.9786785116258421
-0.9788357429123455
-0.9789923985155569
-0.9791484783433421
-0.9793039823039058
-0.9794589103057915
-0.9796132622578813
-0.9797670380693958
-0.9799202376498951
-0.9800728609092775
-0.9802249077577808
-0.9803763781059817
-0.9805272718647955
-0.9806775889454772
-0.9808273292596207
-0.9809764927191591
-0.9811250792363647
-0.9812730887238493
-0.9814205210945641
-0.9815673762617996
-0.9817136541391854
-0.9818593546406915
-0.9820044776806267
-0.9821490231736396
-0.9822929910347189
-0.9824363811791924
-0.982579193522728
-0.9827214279813336
-0.9828630844713565
-0.9830041629094843
-0.9831446632127444
-0.9832845852985043
-0.9834239290844715
-0.9835626944886938
-0.9837008814295588
-0.9838384898257947
-0.9839755195964696
-0.9841119706609922
-0.9842478429391116
-0.9843831363509168
-0.9845178508168378
-0.9846519862576451
-0.9847855425944491
-0.9849185197487016
-0.9850509176421944
-0.9851827361970604
-0.985313975335773
-0.9854446349811465
-0.985574715056336
-0.9857042154848372
-0.9858331361904872
-0.9859614770974636
-0.9860892381302853
-0.986216419213812
-0.9863430202732446
-0.9864690412341254
-0.9865944820223372
-0.9867193425641049
-0.9868436227859937
-0.9869673226149109
-0.9870904419781049
-0.9872129808031652
-0.9873349390180231
-0.9874563165509511
-0.9875771133305636
-0.9876973292858161
-0.987816964346006
-0.9879360184407722
-0.9880544915000954
-0.9881723834542979
-0.988289694234044
-0.9884064237703394
-0.988522571994532
-0.9886381388383114
-0.9887531242337094
-0.9888675281130994
-0.9889813504091969
-0.9890945910550596
-0.9892072499840874
-0.9893193271300218
-0.989430822426947
-0.9895417358092892
-0.9896520672118168
-0.9897618165696404
-0.9898709838182131
-0.9899795688933305
-0.9900875717311302
-0.9901949922680925
-0.99030183044104
-0.9904080861871379
-0.9905137594438942
-0.9906188501491588
-0.990723358241125
-0.9908272836583282
-0.9909306263396466
-0.9910333862243014
-0.9911355632518563
-0.9912371573622177
-0.9913381684956353
-0.9914385965927012
-0.9915384415943505
-0.9916377034418612
-0.9917363820768547
-0.9918344774412948
-0.9919319894774887
-0.9920289181280866
-0.9921252633360818
-0.9922210250448105
-0.9923162031979527
-0.9924107977395309
-0.9925048086139113
-0.9925982357658033
-0.9926910791402592
-0.9927833386826754
-0.9928750143387909
-0.9929661060546886
-0.9930566137767947
-0.9931465374518786
-0.9932358770270537
-0.9933246324497766
-0.9934128036678475
-0.99350039062941
-0.9935873932829518
-0.9936738115773039
-0.993759645461641
-0.9938448948854817
-0.9939295597986879
-0.9940136401514659
-0.9940971358943653
-0.9941800469782798
-0.9942623733544467
-0.9943441149744474
-0.9944252717902071
-0.9945058437539952
-0.9945858308184247
-0.9946652329364527
-0.9947440500613804
-0.9948222821468533
-0.9948999291468603
-0.9949769910157351
-0.9950534677081552
-0.9951293591791422
-0.9952046653840623
-0.9952793862786252
-0.9953535218188855
-0.9954270719612418
-0.9955000366624369
-0.9955724158795582
-0.9956442095700372
-0.9957154176916497
-0.9957860402025163
-0.9958560770611014
-0.9959255282262144
-0.9959943936570088
-0.9960626733129829
-0.9961303671539793
-0.9961974751401851
-0.996263997232132
-0.9963299333906965
-0.9963952835770994
-0.9964600477529062
-0.9965242258800272
-0.9965878179207173
-0.996650823837576
-0.9967132435935476
-0.9967750771519212
-0.9968363244763305
-0.9968969855307541
-0.9969570602795154
-0.9970165486872826
-0.9970754507190687
-0.9971337663402317
-0.9971914955164742
-0.9972486382138442
-0.9973051943987342
-0.9973611640378817
-0.9974165470983692
-0.9974713435476245
-0.9975255533534197
-0.9975791764838728
-0.9976322129074462
-0.9976846625929475
-0.9977365255095295
-0.99778780162669
-0.997838490914272
-0.9978885933424636
-0.9979381088817979
-0.9979870375031534
-0.9980353791777536
-0.9980831338771674
-0.9981303015733087
-0.9981768822384369
-0.9982228758451562
-0.9982682823664166
-0.998313101775513
-0.998357334046086
-0.9984009791521208
-0.9984440370679487
-0.9984865077682459
-0.9985283912280342
-0.9985696874226805
-0.9986103963278974
-0.9986505179197427
-0.9986900521746197
-0.998728999069277
-0.9987673585808088
-0.9988051306866548
-0.9988423153645999
-0.9988789125927748
-0.9989149223496555
-0.9989503446140636
-0.9989851793651662
-0.9990194265824759
-0.9990530862458509
-0.9990861583354947
-0.9991186428319572
-0.9991505397161327
-0.9991818489692619
-0.999212570572931
-0.9992427045090716
-0.9992722507599611
-0.9993012093082223
-0.999329580136824
-0.9993573632290805
-0.9993845585686517
-0.9994111661395433
-0.9994371859261065
-0.9994626179130385
-0.9994874620853818
-0.999511718428525
-0.9995353869282024
-0.9995584675704937
-0.9995809603418248
-0.999602865228967
-0.9996241822190376
-0.9996449112994995
-0.9996650524581615
-0.9996846056831783
-0.9997035709630502
-0.9997219482866234
-0.9997397376430902
-0.9997569390219884
-0.9997735524132018
-0.9997895778069602
-0.9998050151938392
-0.9998198645647607
-0.9998341259109921
-0.9998477992241472
-0.9998608844961859
-0.9998733817194144
-0.9998852908864849
-0.9998966119903966
-0.9999073450244951
-0.9999174899824733
-0.9999270468583715
-0.9999360156465785
-0.9999443963418325
-0.9999521889392226
-0.9999593934341918
-0.9999660098225419
-0.9999720381004413
-0.9999774782644398
-0.999982330311498
-0.9999865942390471
-0.9999902700451291
-0.9999933577287523
-0.9999958572909655
-0.9999977687388968
-0.999999092107425
-0.9999998276897039
