0.9999972450545584
0.9999854843850284
0.9999643261538894
0.9999337658606178
0.999893803216942
0.9998444384611712
0.999785672011689
0.9997175044023747
0.9996399362654382
0.9995529683257071
0.9994566013984001
0.9993508363881507
0.9992356742885348
0.9991111161818228
0.9989771632388403
0.9988338167188826
0.9986810779696582
0.9985189484272492
0.99834742961608
0.9981665231488915
0.9979762307267186
0.9977765541388681
0.9975674952628989
0.9973490560646014
0.9971212385979773
0.9968840450052184
0.9966374775166863
0.9963815384508895
0.9961162302144619
0.9958415553021396
0.9955575162967363
0.99526411586912
0.9949613567781865
0.9946492418708341
0.9943277740819362
0.9939969564343137
0.9936567920387066
0.9933072840937446
0.9929484358859171
0.9925802507895418
0.9922027322667337
0.9918158838673715
0.9914197092290653
0.9910142120771213
0.9905993962245077
0.9901752655718179
0.9897418241072349
0.9892990759064927
0.9888470251328386
0.988385676036994
0.9879150329571141
0.9874351003187474
0.9869458826347941
0.9864473845054632
0.9859396106182301
0.9854225657477916
0.9848962547560215
0.9843606825919249
0.9838158542915914
0.9832617749781478
0.9826984498617104
0.9821258842393351
0.9815440834949686
0.980953053099397
0.9803527986101944
0.9797433256716714
0.9791246400148212
0.9784967474572661
0.9778596539032025
0.9772133653433457
0.9765578878548735
0.9758932276013692
0.9752193908327629
0.9745363838852737
0.9738442131813496
0.9731428852296072
0.9724324066247705
0.9717127840476089
0.9709840242648741
0.9702461341292372
0.9694991205792236
0.9687429906391477
0.9679777514190476
0.9672034101146173
0.9664199740071397
0.965627450463418
0.9648258469357061
0.9640151709616388
0.9631954301641612
0.9623666322514564
0.9615287850168734
0.9606818963388538
0.9598259741808576
0.9589610265912885
0.958087061703418
0.9572040877353089
0.9563121129897385
0.9554111458541198
0.9545011948004233
0.9535822683850969
0.9526543752489854
0.9517175241172499
0.9507717237992849
0.9498169831886358
0.9488533112629158
0.9478807170837206
0.9468992097965434
0.9459087986306899
0.9449094928991898
0.9439013019987107
0.942884235409469
0.941858302695141
0.9408235135027729
0.9397798775626901
0.9387274046884055
0.937666104776528
0.9365959878066681
0.9355170638413453
0.9344293430258929
0.9333328355883628
0.932227551839429
0.9311135021722909
0.929990697062576
0.9288591470682404
0.92771886282947
0.9265698550685812
0.9254121345899188
0.924245712279755
0.9230705991061874
0.921886806119035
0.9206943444497352
0.9194932253112384
0.9182834599979034
0.91706505988539
0.9158380364305532
0.9146024011713345
0.9133581657266545
0.9121053417963026
0.9108439411608276
0.9095739756814265
0.9082954572998335
0.9070083980382072
0.9057128099990179
0.9044087053649336
0.9030960963987054
0.9017749954430525
0.9004454149205461
0.8991073673334917
0.8977608652638133
0.8964059213729331
0.895042548401654
0.8936707591700388
0.8922905665772906
0.8909019836016303
0.8895050233001756
0.8880996988088177
0.886686023342098
0.8852640101930838
0.8838336727332431
0.882395024412319
0.8809480787582036
0.8794928493768099
0.8780293499519449
0.8765575942451802
0.8750775960957229
0.8735893694202854
0.8720929282129546
0.87058828654506
0.8690754585650419
0.8675544584983181
0.8660253006471499
0.8644879993905081
0.8629425691839374
0.8613890245594206
0.859827380125242
0.85825765056585
0.856679850641719
0.8550939951892107
0.8535000991204343
0.8518981774231068
0.8502882451604115
0.8486703174708565
0.847044409568133
0.8454105367409712
0.8437687143529972
0.8421189578425884
0.8404612827227282
0.8387957045808606
0.8371222390787428
0.8354409019522987
0.8337517090114703
0.8320546761400698
0.8303498192956295
0.8286371545092519
0.8269166978854597
0.8251884656020434
0.8234524739099092
0.8217087391329272
0.8199572776677768
0.8181981059837932
0.816431240622812
0.8146566981990144
0.8128744953987701
0.8110846489804812
0.8092871757744238
0.8074820926825905
0.805669416678531
0.8038491648071928
0.8020213541847606
0.8001860019984957
0.7983431255065738
0.7964927420379235
0.794634868992063
0.7927695238389365
0.7908967241187491
0.7890164874418039
0.7871288314883342
0.7852337740083386
0.7833313328214138
0.7814215258165864
0.779504370952146
0.777579886255475
0.7756480898228799
0.7737089998194209
0.7717626344787407
0.7698090121028939
0.7678481510621742
0.7658800697949419
0.7639047868074506
0.7619223206736728
0.759932690035126
0.7579359136006965
0.7559320101464639
0.7539209985155253
0.7519028976178164
0.749877726429935
0.7478455039949627
0.7458062494222848
0.7437599818874112
0.7417067206317964
0.7396464849626581
0.7375792942527953
0.7355051679404074
0.73342412552891
0.7313361865867527
0.7292413707472338
0.727139697708317
0.7250311872324454
0.7229158591463558
0.7207937333408925
0.71866482977082
0.7165291684546352
0.7143867694743797
0.7122376529754508
0.7100818391664115
0.7079193483188013
0.7057502007669452
0.703574416907762
0.7013920172005735
0.6992030221669117
0.6970074523903251
0.6948053285161866
0.6925966712514979
0.690381501364696
0.6881598396854569
0.6859317071045004
0.6836971245733934
0.6814561131043529
0.6792086937700489
0.6769548877034052
0.6746947160974015
0.672428200204874
0.6701553613383155
0.667876220869675
0.6655908002301564
0.6632991209100174
0.6610012044583676
0.6586970724829653
0.6563867466500145
0.6540702486839615
0.6517476003672901
0.6494188235403173
0.6470839401009876
0.6447429720046671
0.6423959412639373
0.6400428699483878
0.6376837801844087
0.6353186941549833
0.6329476340994784
0.6305706223134361
0.6281876811483634
0.6257988330115231
0.6234041003657216
0.621003505729099
0.6185970716749167
0.6161848208313454
0.6137667758812519
0.6113429595619866
0.6089133946651688
0.6064781040364728
0.6040371105754135
0.6015904372351303
0.5991381070221715
0.5966801429962785
0.5942165682701681
0.591747406009316
0.5892726794317384
0.5867924118077739
0.5843066264598644
0.5818153467623365
0.5793185961411808
0.5768163980738323
0.5743087760889496
0.5717957537661931
0.5692773547360035
0.5667536026793804
0.5642245213276583
0.5616901344622844
0.5591504659145947
0.5566055395655898
0.5540553793457106
0.5515000092346126
0.5489394532609417
0.5463737355021069
0.5438028800840546
0.541226911181042
0.5386458530154088
0.5360597298573504
0.5334685660246893
0.5308723858826461
0.5282712138436112
0.5256650743669147
0.5230539919585964
0.5204379911711752
0.517817096603419
0.5151913329001125
0.5125607247518259
0.5099252968946827
0.5072850741101271
0.504640081224691
0.5019903431097602
0.4993358846813413
0.4966767308998262
0.4940129067697591
0.4913444373395997
0.4886713477014886
0.4859936629910108
0.4833114083869602
0.480624609111102
0.4779332904279355
0.475237477644458
0.4725371961099243
0.4698324712156109
0.467123328394575
0.4644097931214177
0.4616918909120419
0.4589696473234145
0.456243087953325
0.453512238440145
0.4507771244625872
0.4480377717394637
0.445294206029445
0.442546453130816
0.439794538881236
0.4370384891574928
0.434278329875262
0.4315140869888618
0.4287457864910093
0.4259734544125758
0.4231971168223431
0.4204167998267568
0.4176325295696824
0.414844332232158
0.4120522340321493
0.4092562612243022
0.4064564400996967
0.4036527969855987
0.4008453582452137
0.3980341502774379
0.3952191995166099
0.3924005324322635
0.3895781755288764
0.3867521553456238
0.3839224984561266
0.3810892314682029
0.3782523810236164
0.3754119737978276
0.372568036499742
0.3697205958714585
0.3668696786880191
0.3640153117571563
0.3611575219190411
0.3582963360460311
0.3554317810424171
0.3525638838441708
0.3496926714186913
0.3468181707645507
0.3439404089112422
0.3410594129189232
0.3381752098781639
0.3352878269096896
0.3323972911641282
0.3295036298217528
0.3266068700922281
0.3237070392143528
0.3208041644558044
0.3178982731128828
0.314989392510253
0.3120775500006892
0.3091627729648164
0.3062450888108542
0.3033245249743576
0.3004011089179602
0.297474868131116
0.2945458301298395
0.2916140224564492
0.2886794726793061
0.2857422083925569
0.2828022572158723
0.2798596467941892
0.2769144047974497
0.2739665589203407
0.2710161368820342
0.2680631664259265
0.2651076753193766
0.2621496913534466
0.2591892423426388
0.2562263561246347
0.2532610605600337
0.2502933835320906
0.2473233529464537
0.2443509967309018
0.2413763428350826
0.2383994192302492
0.235420253908997
0.232438874885001
0.2294553101927519
0.2264695878872928
0.2234817360439547
0.2204917827580939
0.2174997561448268
0.2145056843387649
0.2115095954937521
0.2085115177825983
0.2055114793968154
0.2025095085463517
0.1995056334593267
0.1964998823817661
0.1934922835773361
0.1904828653270768
0.1874716559291374
0.1844586836985095
0.181443976966761
0.1784275640817695
0.1754094734074562
0.1723897333235182
0.1693683722251632
0.166345418522841
0.1633209006419772
0.1602948470227058
0.1572672861196014
0.1542382464014119
0.1512077563507908
0.1481758444640298
0.1451425392507897
0.1421078692338333
0.1390718629487574
0.1360345489437231
0.132995955779189
0.1299561120276415
0.1269150462733266
0.1238727871119809
0.1208293631505633
0.117784803006985
0.1147391353098414
0.1116923886981418
0.1086445918210415
0.105595773337571
0.1025459619163678
0.09949518623540567
0.09644347498172592
0.09339085685116674
0.09033736054809434
0.08728301478513213
0.08422784828289161
0.08117188976970141
0.07811516798133787
0.07505771166075433
0.0719995495578115
0.06894071042900655
0.06588122303720241
0.06282111615135816
0.05976041854625797
0.05669915900224105
0.05363736630493
0.05057506924496102
0.04751229661771333
0.04444907722303718
0.04138543986498471
0.03832141335153763
0.03525702649433739
0.03219230810841359
0.02912728701191309
0.02606199202582981
0.02299645197373227
0.01993069568149405
0.01686475197702184
0.01379864968998442
0.01073241765154239
0.007666084694075576
0.004599679650913176
0.00153323135606269
-0.001533231356062568
-0.004599679650913052
-0.007666084694075453
-0.01073241765154227
-0.0137986496899843
-0.01686475197702172
-0.01993069568149392
-0.02299645197373215
-0.02606199202582969
-0.02912728701191296
-0.03219230810841347
-0.03525702649433726
-0.03832141335153751
-0.04138543986498459
-0.04444907722303705
-0.0475122966177132
-0.05057506924496089
-0.05363736630492988
-0.05669915900224092
-0.05976041854625785
-0.06282111615135806
-0.0658812230372023
-0.06894071042900644
-0.07199954955781139
-0.07505771166075421
-0.07811516798133776
-0.0811718897697013
-0.0842278482828915
-0.08728301478513202
-0.09033736054809423
-0.09339085685116663
-0.09644347498172581
-0.09949518623540556
-0.1025459619163677
-0.1055957733375709
-0.1086445918210413
-0.1116923886981417
-0.1147391353098412
-0.1177848030069849
-0.1208293631505632
-0.1238727871119808
-0.1269150462733265
-0.1299561120276413
-0.1329959557791889
-0.136034548943723
-0.1390718629487573
-0.1421078692338332
-0.1451425392507896
-0.1481758444640297
-0.1512077563507907
-0.1542382464014118
-0.1572672861196013
-0.1602948470227057
-0.1633209006419771
-0.1663454185228408
-0.1693683722251631
-0.1723897333235181
-0.1754094734074561
-0.1784275640817694
-0.1814439769667609
-0.1844586836985094
-0.1874716559291373
-0.1904828653270767
-0.1934922835773359
-0.196499882381766
-0.1995056334593266
-0.2025095085463516
-0.2055114793968153
-0.2085115177825982
-0.211509595493752
-0.2145056843387648
-0.2174997561448266
-0.2204917827580938
-0.2234817360439546
-0.2264695878872927
-0.2294553101927518
-0.2324388748850009
-0.2354202539089969
-0.2383994192302491
-0.2413763428350825
-0.2443509967309017
-0.2473233529464536
-0.2502933835320906
-0.2532610605600336
-0.2562263561246346
-0.2591892423426387
-0.2621496913534465
-0.2651076753193765
-0.2680631664259264
-0.2710161368820341
-0.2739665589203406
-0.2769144047974496
-0.2798596467941891
-0.2828022572158722
-0.2857422083925568
-0.288679472679306
-0.2916140224564491
-0.2945458301298394
-0.2974748681311158
-0.3004011089179601
-0.3033245249743575
-0.3062450888108541
-0.3091627729648164
-0.312077550000689
-0.3149893925102529
-0.3178982731128827
-0.3208041644558043
-0.3237070392143527
-0.326606870092228
-0.3295036298217527
-0.3323972911641281
-0.3352878269096894
-0.3381752098781638
-0.3410594129189231
-0.3439404089112421
-0.3468181707645506
-0.3496926714186912
-0.3525638838441707
-0.355431781042417
-0.358296336046031
-0.361157521919041
-0.3640153117571562
-0.366869678688019
-0.3697205958714584
-0.3725680364997419
-0.3754119737978275
-0.3782523810236164
-0.3810892314682028
-0.3839224984561265
-0.3867521553456237
-0.3895781755288763
-0.3924005324322634
-0.3952191995166098
-0.3980341502774378
-0.4008453582452136
-0.4036527969855986
-0.4064564400996966
-0.4092562612243021
-0.4120522340321492
-0.4148443322321579
-0.4176325295696822
-0.4204167998267569
-0.4231971168223427
-0.4259734544125758
-0.4287457864910092
-0.4315140869888616
-0.4342783298752618
-0.4370384891574927
-0.4397945388812357
-0.4425464531308161
-0.4452942060294449
-0.4480377717394639
-0.4507771244625871
-0.4535122384401449
-0.4562430879533249
-0.4589696473234142
-0.4616918909120417
-0.4644097931214176
-0.4671233283945752
-0.4698324712156106
-0.4725371961099242
-0.475237477644458
-0.4779332904279354
-0.4806246091111016
-0.48331140838696
-0.4859936629910104
-0.4886713477014882
-0.4913444373395995
-0.4940129067697589
-0.4966767308998262
-0.499335884681341
-0.50199034310976
-0.504640081224691
-0.5072850741101269
-0.5099252968946826
-0.5125607247518259
-0.5151913329001123
-0.5178170966034188
-0.520437991171175
-0.5230539919585964
-0.5256650743669146
-0.528271213843611
-0.530872385882646
-0.5334685660246888
-0.5360597298573501
-0.5386458530154088
-0.5412269111810417
-0.5438028800840544
-0.5463737355021068
-0.5489394532609414
-0.5515000092346125
-0.5540553793457105
-0.5566055395655897
-0.5591504659145947
-0.5616901344622844
-0.564224521327658
-0.5667536026793802
-0.5692773547360033
-0.5717957537661927
-0.5743087760889494
-0.5768163980738322
-0.5793185961411804
-0.5818153467623363
-0.5843066264598641
-0.5867924118077738
-0.5892726794317382
-0.5917474060093157
-0.5942165682701678
-0.5966801429962785
-0.5991381070221715
-0.6015904372351301
-0.6040371105754133
-0.6064781040364728
-0.6089133946651687
-0.6113429595619864
-0.6137667758812519
-0.6161848208313452
-0.6185970716749166
-0.6210035057290989
-0.6234041003657214
-0.6257988330115231
-0.6281876811483634
-0.630570622313436
-0.6329476340994781
-0.6353186941549832
-0.6376837801844086
-0.6400428699483874
-0.642395941263937
-0.6447429720046668
-0.6470839401009874
-0.6494188235403171
-0.6517476003672897
-0.6540702486839611
-0.6563867466500144
-0.6586970724829649
-0.6610012044583675
-0.6632991209100174
-0.6655908002301562
-0.6678762208696747
-0.6701553613383155
-0.672428200204874
-0.6746947160974013
-0.676954887703405
-0.6792086937700489
-0.6814561131043529
-0.6836971245733933
-0.6859317071045001
-0.6881598396854566
-0.6903815013646957
-0.6925966712514977
-0.6948053285161864
-0.6970074523903249
-0.6992030221669114
-0.7013920172005733
-0.7035744169077618
-0.7057502007669448
-0.7079193483188013
-0.7100818391664114
-0.7122376529754506
-0.7143867694743798
-0.716529168454635
-0.7186648297708198
-0.7207937333408925
-0.7229158591463559
-0.7250311872324453
-0.727139697708317
-0.7292413707472336
-0.7313361865867525
-0.73342412552891
-0.7355051679404074
-0.7375792942527952
-0.7396464849626579
-0.7417067206317964
-0.7437599818874112
-0.7458062494222846
-0.7478455039949626
-0.749877726429935
-0.7519028976178164
-0.7539209985155251
-0.7559320101464639
-0.7579359136006963
-0.7599326900351258
-0.7619223206736729
-0.7639047868074507
-0.7658800697949419
-0.7678481510621741
-0.769809012102894
-0.7717626344787406
-0.7737089998194209
-0.7756480898228798
-0.7775798862554751
-0.779504370952146
-0.7814215258165862
-0.7833313328214135
-0.7852337740083385
-0.7871288314883342
-0.7890164874418039
-0.7908967241187492
-0.7927695238389363
-0.7946348689920631
-0.7964927420379235
-0.7983431255065736
-0.8001860019984957
-0.8020213541847606
-0.8038491648071927
-0.8056694166785311
-0.8074820926825903
-0.8092871757744237
-0.8110846489804812
-0.8128744953987701
-0.8146566981990143
-0.816431240622812
-0.8181981059837931
-0.8199572776677766
-0.821708739132927
-0.8234524739099093
-0.8251884656020434
-0.8269166978854599
-0.8286371545092519
-0.8303498192956292
-0.8320546761400698
-0.8337517090114702
-0.8354409019522987
-0.8371222390787428
-0.8387957045808605
-0.8404612827227282
-0.8421189578425884
-0.8437687143529971
-0.8454105367409712
-0.847044409568133
-0.8486703174708566
-0.8502882451604115
-0.8518981774231067
-0.8535000991204342
-0.8550939951892107
-0.856679850641719
-0.8582576505658499
-0.859827380125242
-0.8613890245594206
-0.8629425691839372
-0.8644879993905079
-0.8660253006471498
-0.8675544584983179
-0.8690754585650419
-0.8705882865450598
-0.8720929282129546
-0.8735893694202854
-0.8750775960957229
-0.8765575942451801
-0.8780293499519449
-0.8794928493768097
-0.8809480787582035
-0.8823950244123189
-0.883833672733243
-0.8852640101930839
-0.886686023342098
-0.8880996988088177
-0.8895050233001754
-0.8909019836016302
-0.8922905665772906
-0.8936707591700388
-0.8950425484016539
-0.8964059213729331
-0.8977608652638133
-0.8991073673334918
-0.900445414920546
-0.9017749954430524
-0.9030960963987054
-0.9044087053649335
-0.9057128099990178
-0.9070083980382072
-0.9082954572998335
-0.9095739756814264
-0.9108439411608276
-0.9121053417963025
-0.9133581657266545
-0.9146024011713345
-0.9158380364305531
-0.9170650598853899
-0.9182834599979034
-0.9194932253112384
-0.9206943444497352
-0.921886806119035
-0.9230705991061873
-0.9242457122797549
-0.9254121345899187
-0.9265698550685811
-0.9277188628294699
-0.9288591470682402
-0.929990697062576
-0.9311135021722909
-0.932227551839429
-0.9333328355883628
-0.9344293430258928
-0.9355170638413453
-0.936595987806668
-0.9376661047765278
-0.9387274046884054
-0.93977987756269
-0.9408235135027728
-0.9418583026951409
-0.942884235409469
-0.9439013019987106
-0.9449094928991897
-0.9459087986306898
-0.9468992097965435
-0.9478807170837205
-0.9488533112629158
-0.9498169831886358
-0.9507717237992849
-0.9517175241172497
-0.9526543752489854
-0.9535822683850969
-0.9545011948004232
-0.9554111458541198
-0.9563121129897384
-0.9572040877353089
-0.9580870617034178
-0.9589610265912885
-0.9598259741808576
-0.9606818963388537
-0.9615287850168734
-0.9623666322514564
-0.9631954301641612
-0.9640151709616388
-0.9648258469357061
-0.965627450463418
-0.9664199740071397
-0.9672034101146173
-0.9679777514190475
-0.9687429906391477
-0.9694991205792235
-0.9702461341292372
-0.9709840242648741
-0.9717127840476089
-0.9724324066247705
-0.9731428852296072
-0.9738442131813496
-0.9745363838852737
-0.9752193908327628
-0.9758932276013692
-0.9765578878548735
-0.9772133653433457
-0.9778596539032024
-0.9784967474572661
-0.9791246400148212
-0.9797433256716714
-0.9803527986101944
-0.9809530530993968
-0.9815440834949686
-0.9821258842393351
-0.9826984498617104
-0.9832617749781478
-0.9838158542915914
-0.9843606825919249
-0.9848962547560215
-0.9854225657477916
-0.9859396106182301
-0.9864473845054632
-0.9869458826347941
-0.9874351003187474
-0.9879150329571141
-0.988385676036994
-0.9888470251328386
-0.9892990759064927
-0.9897418241072349
-0.9901752655718179
-0.9905993962245077
-0.9910142120771213
-0.9914197092290652
-0.9918158838673715
-0.9922027322667336
-0.9925802507895418
-0.9929484358859171
-0.9933072840937446
-0.9936567920387066
-0.9939969564343136
-0.9943277740819362
-0.9946492418708341
-0.9949613567781865
-0.99526411586912
-0.9955575162967363
-0.9958415553021395
-0.9961162302144619
-0.9963815384508895
-0.9966374775166863
-0.9968840450052184
-0.9971212385979773
-0.9973490560646014
-0.9975674952628989
-0.997776554138868
-0.9979762307267186
-0.9981665231488915
-0.99834742961608
-0.9985189484272492
-0.9986810779696582
-0.9988338167188826
-0.9989771632388403
-0.9991111161818228
-0.9992356742885348
-0.9993508363881507
-0.9994566013984001
-0.9995529683257071
-0.9996399362654382
-0.9997175044023747
-0.999785672011689
-0.9998444384611712
-0.999893803216942
-0.9999337658606178
-0.9999643261538894
-0.9999854843850284
-0.9999972450545584
