0.9998248879471319
0.9990774599773758
0.997733248625514
0.9957927585349812
0.9932571129002129
0.9901278184917344
0.9864067427245862
0.9820961084357185
0.9771984914639074
0.9717168187471366
0.9656543664319652
0.9590147578536999
0.9518019613412644
0.9440202878302202
0.9356743882779164
0.9267692508789478
0.9173101980809605
0.9073028834017568
0.8967532880491582
0.8856677173453972
0.8740527969580318
0.8619154689395485
0.849262987577969
0.8361029150609068
0.8224431169556439
0.8082917575079136
0.7936572947621934
0.778548475506412
0.7629743300440948
0.746944166797062
0.7304675667419087
0.7135543776835874
0.6962147083695144
0.6784589224477193
0.6602976322726462
0.6417416925623076
0.6228021939105849
0.6034904561585487
0.5838180216287632
0.5637966482266181
0.5434383024128104
0.5227551520511755
0.5017595591361446
0.4804640724041722
0.4588814198335522
0.4370245010371042
0.4149063795522751
0.3925402750332675
0.3699395553498591
0.3471177285976356
0.3240884350244135
0.3008654388776773
0.2774626201779044
0.2538939664226944
0.2301735642266599
0.2063155909020793
0.1823343059853373
0.1582440427142248
0.1340591994611879
0.1097942311276437
0.08546364050451553
0.0610819696041396
0.03666379096873359
0.01222369896061586
-0.01222369896061574
-0.03666379096873347
-0.06108196960413947
-0.08546364050451542
-0.1097942311276436
-0.1340591994611878
-0.1582440427142247
-0.1823343059853371
-0.2063155909020792
-0.2301735642266599
-0.2538939664226942
-0.2774626201779042
-0.3008654388776772
-0.3240884350244134
-0.3471177285976355
-0.369939555349859
-0.3925402750332674
-0.414906379552275
-0.4370245010371039
-0.4588814198335523
-0.4804640724041718
-0.5017595591361446
-0.5227551520511755
-0.5434383024128104
-0.5637966482266179
-0.5838180216287632
-0.6034904561585487
-0.6228021939105848
-0.6417416925623075
-0.660297632272646
-0.6784589224477192
-0.6962147083695144
-0.7135543776835873
-0.7304675667419087
-0.7469441667970619
-0.7629743300440945
-0.7785484755064118
-0.7936572947621932
-0.8082917575079136
-0.8224431169556439
-0.8361029150609067
-0.8492629875779689
-0.8619154689395484
-0.8740527969580317
-0.8856677173453972
-0.8967532880491582
-0.9073028834017568
-0.9173101980809606
-0.9267692508789478
-0.9356743882779163
-0.9440202878302201
-0.9518019613412643
-0.9590147578536999
-0.9656543664319652
-0.9717168187471366
-0.9771984914639074
-0.9820961084357185
-0.9864067427245862
-0.9901278184917344
-0.9932571129002129
-0.9957927585349812
-0.997733248625514
-0.9990774599773758
-0.9998248879471319
