7.07007641018259e-06
1.645772757989687e-05
2.585912467646186e-05
3.52614859871987e-05
4.466375812857534e-05
5.406568289394e-05
6.346712685980442e-05
7.286798631902747e-05
8.226816671645729e-05
9.166757686136691e-05
0.0001010661269730276
0.0001104637279257438
0.0001198602909254696
0.0001292557273595155
0.0001386499487219862
0.000148042866574808
0.0001574343925265139
0.0001668244382203495
0.0001762129153274925
0.000185599735543185
0.0001949848105845828
0.0002043680521896466
0.0002137493721166826
0.0002231286821442978
0.0002325058940716253
0.0002418809197187298
0.0002512536709271339
0.0002606240595604292
0.0002699919975049447
0.0002793573966704571
0.0002887201689909301
0.0002980802264252762
0.0003074374809581323
0.0003167918446006485
0.0003261432293912849
0.0003354915473966144
0.0003448367107121306
0.0003541786314630598
0.000363517221805175
0.0003728523939256121
0.0003821840600436883
0.0003915121324117206
0.0004008365233158464
0.000410157145076843
0.0004194739100509498
0.0004287867306306889
0.0004380955192456861
0.0004474001883634926
0.0004567006504904071
0.0004659968181722957
0.0004752886039954146
0.0004845759205872292
0.0004938586806172366
0.0005031367967977851
0.0005124101818848943
0.0005216787486790753
0.0005309424100261498
0.0005402010788180699
0.0005494546679937357
0.0005587030905398148
0.0005679462594915593
0.0005771840879336242
0.0005864164890008837
0.0005956433758792484
0.0006048646618064809
0.0006140802600730123
0.0006232900840227562
0.0006324940470539252
0.0006416920626198432
0.0006508840442297606
0.0006600699054496669
0.0006692495599031031
0.0006784229212719745
0.0006875899032973624
0.000696750419780334
0.0007059043845827542
0.000715051711628095
0.0007241923149022446
0.0007333261084543169
0.0007424530063974588
0.0007515729229096584
0.000760685772234552
0.00076979146868223
0.0007788899266300433
0.0007879810605234072
0.0007970647848766077
0.000806141014273604
0.0008152096633688312
0.0008242706468880048
0.0008333238796289207
0.000842369276462257
0.0008514067523323746
0.0008604362222581169
0.0008694576013336086
0.0008784708047290547
0.0008874757476915378
0.0008964723455458145
0.0009054605136951127
0.0009144401676219265
0.0009234112228888109
0.0009323735951391755
0.0009413272000980783
0.000950271953573018
0.0009592077714547255
0.000968134569717955
0.0009770522644222739
0.0009859607717128518
0.0009948600078212505
0.001003749889066209
0.001012630331854433
0.001021501252681379
0.001030362568132042
0.001039214194881738
0.001048056049696885
0.001056888049435791
0.001065710111049434
0.00107452215158224
0.001083324088172867
0.00109211583805498
0.001100897318558033
0.001109668447108046
0.00111842914122838
0.001127179318540512
0.001135918896764811
0.001144647793721311
0.001153365927330486
0.001162073215614016
0.001170769576695566
0.00117945492880155
0.0011881291902619
0.001196792279510838
0.001205444115087639
0.001214084615637398
0.001222713699911798
0.001231331286769868
0.001239937295178752
0.001248531644214468
0.001257114253062669
0.001265685041019403
0.001274243927491873
0.001282790831999193
0.001291325674173146
0.001299848373758941
0.001308358850615964
0.001316857024718535
0.001325342816156659
0.001333816145136776
0.001342276931982517
0.001350725097135444
0.001359160561155807
0.001367583244723286
0.001375993068637738
0.001384389953819942
0.001392773821312342
0.001401144592279792
0.001409502188010291
0.001417846529915731
0.001426177539532632
0.001434495138522878
0.001442799248674458
0.001451089791902197
0.001459366690248495
0.001467629865884055
0.00147587924110862
0.001484114738351697
0.001492336280173295
0.001500543789264645
0.001508737188448934
0.001516916400682022
0.001525081349053178
0.001533231956785791
0.001541368147238102
0.001549489843903919
0.001557596970413338
0.00156568945053346
0.001573767208169111
0.001581830167363554
0.001589878252299204
0.001597911387298344
0.001605929496823832
0.001613932505479813
0.001621920338012431
0.001629892919310533
0.001637850174406374
0.001645792028476327
0.001653718406841584
0.001661629234968857
0.001669524438471079
0.001677403943108107
0.001685267674787415
0.001693115559564795
0.001700947523645049
0.001708763493382686
0.001716563395282611
0.00172434715600082
0.001732114702345087
0.001739865961275652
0.001747600859905911
0.001755319325503096
0.001763021285488964
0.001770706667440478
0.001778375399090486
0.001786027408328403
0.001793662623200887
0.001801280971912519
0.001808882382826473
0.001816466784465195
0.00182403410551107
0.001831584274807098
0.001839117221357557
0.001846632874328677
0.001854131163049301
0.001861612017011551
0.001869075365871494
0.001876521139449799
0.001883949267732398
0.001891359680871147
0.001898752309184481
0.001906127083158067
0.001913483933445463
0.001920822790868763
0.001928143586419256
0.001935446251258066
0.001942730716716808
0.001949996914298224
0.001957244775676838
0.001964474232699588
0.001971685217386476
0.0019788776619312
0.001986051498701795
0.001993206660241272
0.002000343079268243
0.002007460688677563
0.002014559421540958
0.002021639211107653
0.002028699990805
0.002035741694239105
0.002042764255195452
0.002049767607639524
0.002056751685717429
0.002063716423756511
0.002070661756265976
0.002077587617937502
0.002084493943645856
0.002091380668449504
0.002098247727591226
0.002105095056498718
0.002111922590785207
0.002118730266250051
0.002125518018879345
0.002132285784846522
0.002139033500512952
0.002145761102428544
0.002152468527332341
0.002159155712153113
0.00216582259400995
0.002172469110212858
0.002179095198263344
0.002185700795855004
0.00219228584087411
0.002198850271400195
0.002205394025706634
0.002211917042261222
0.00221841925972676
0.002224900616961621
0.002231361053020335
0.002237800507154158
0.00224421891881164
0.002250616227639201
0.002256992373481692
0.002263347296382966
0.002269680936586438
0.00227599323453565
0.002282284130874829
0.002288553566449443
0.002294801482306762
0.002301027819696411
0.00230723252007092
0.002313415525086275
0.002319576776602472
0.002325716216684054
0.002331833787600664
0.002337929431827587
0.002344003092046285
0.002350054711144943
0.002356084232218999
0.002362091598571688
0.002368076753714569
0.002374039641368053
0.002379980205461942
0.002385898390135948
0.002391794139740222
0.002397667398835876
0.002403518112195504
0.002409346224803704
0.002415151681857591
0.002420934428767316
0.002426694411156577
0.002432431574863132
0.002438145865939308
0.002443837230652507
0.002449505615485711
0.002455150967137988
0.002460773232524992
0.00246637235877946
0.002471948293251711
0.002477500983510143
0.00248303037734172
0.002488536422752471
0.002494019067967971
0.002499478261433835
0.002504913951816198
0.002510326088002199
0.00251571461910046
0.00252107949444157
0.002526420663578556
0.002531738076287356
0.0025370316825673
0.00254230143264157
0.002547547276957674
0.002552769166187912
0.002557967051229837
0.002563140883206718
0.002568290613467999
0.002573416193589759
0.002578517575375163
0.002583594710854921
0.002588647552287734
0.002593676052160743
0.00259868016318998
0.002603659838320809
0.00260861503072837
0.002613545693818019
0.002618451781225764
0.002623333246818706
0.002628190044695468
0.002633022129186627
0.002637829454855148
0.002642611976496806
0.002647369649140614
0.002652102428049244
0.002656810268719449
0.002661493126882482
0.00266615095850451
0.002670783719787031
0.002675391367167283
0.002679973857318657
0.002684531147151098
0.00268906319381152
0.002693569954684199
0.002698051387391181
0.002702507449792677
0.002706938099987459
0.002711343296313256
0.002715722997347144
0.002720077161905938
0.002724405749046575
0.002728708718066502
0.00273298602850406
0.00273723764013886
0.002741463512992167
0.002745663607327271
0.002749837883649861
0.0027539863027084
0.002758108825494492
0.002762205413243247
0.00276627602743365
0.002770320629788917
0.00277433918227686
0.002778331647110245
0.002782297986747142
0.002786238163891283
0.00279015214149241
0.002794039882746627
0.00279790135109674
0.002801736510232607
0.002805545324091476
0.002809327756858324
0.002813083772966195
0.002816813337096534
0.00282051641417952
0.002824192969394393
0.002827842968169785
0.002831466376184042
0.002835063159365551
0.002838633283893053
0.00284217671619597
0.002845693422954714
0.002849183371101001
0.002852646527818168
0.002856082860541471
0.002859492336958403
0.00286287492500899
0.002866230592886092
0.002869559309035708
0.002872861042157269
0.002876135761203931
0.002879383435382869
0.002882604034155569
0.002885797527238109
0.002888963884601447
0.002892103076471706
0.002895215073330451
0.002898299845914964
0.002901357365218526
0.002904387602490684
0.002907390529237524
0.002910366117221936
0.002913314338463886
0.002916235165240671
0.002919128570087184
0.002921994525796175
0.0029248330054185
0.002927643982263379
0.002930427429898646
0.002933183322151
0.002935911633106245
0.002938612337109538
0.002941285408765632
0.00294393082293911
0.002946548554754626
0.002949138579597134
0.002951700873112122
0.002954235411205844
0.002956742170045542
0.002959221126059671
0.002961672255938123
0.002964095536632444
0.00296649094535605
0.002968858459584445
0.002971198057055428
0.002973509715769306
0.0029757934139891
0.002978049130240749
0.00298027684331331
0.002982476532259163
0.002984648176394199
0.002986791755298025
0.002988907248814149
0.002990994637050171
0.002993053900377969
0.002995085019433889
0.002997087975118921
0.002999062748598878
0.00300100932130458
0.003002927674932023
0.003004817791442551
0.00300667965306303
0.003008513242286009
0.003010318541869891
0.003012095534839089
0.003013844204484191
0.003015564534362113
0.003017256508296259
0.003018920110376663
0.003020555324960152
0.003022162136670481
0.003023740530398487
0.003025290491302222
0.003026812004807103
0.003028305056606038
0.00302976963265957
0.003031205719196004
0.003032613302711536
0.003033992369970384
0.003035342908004907
0.003036664904115732
0.003037958345871871
0.003039223221110837
0.003040459517938762
0.003041667224730504
0.003042846330129759
0.003043996823049169
0.003045118692670423
0.003046211928444362
0.003047276520091076
0.0030483124576
0.003049319731230012
0.003050298331509521
0.003051248249236557
0.003052169475478855
0.003053062001573949
0.003053925819129237
0.003054760920022076
0.003055567296399847
0.003056344940680037
0.003057093845550303
0.003057814003968547
0.003058505409162977
0.003059168054632175
0.003059801934145157
0.003060407041741429
0.003060983371731046
0.003061530918694663
0.003062049677483591
0.003062539643219838
0.003063000811296161
0.003063433177376105
0.003063836737394048
0.003064211487555237
0.003064557424335821
0.00306487454448289
0.003065162845014501
0.003065422323219707
0.003065652976658585
0.003065854803162254
0.0030660278008329
0.003066171968043794
0.003066287303439301
0.003066373805934901
0.003066431474717193
0.003066460309243908
0.003066460309243908
0.003066431474717193
0.003066373805934901
0.003066287303439301
0.003066171968043794
0.0030660278008329
0.003065854803162254
0.003065652976658585
0.003065422323219707
0.003065162845014501
0.00306487454448289
0.003064557424335821
0.003064211487555237
0.003063836737394048
0.003063433177376105
0.003063000811296161
0.003062539643219838
0.003062049677483591
0.003061530918694663
0.003060983371731046
0.003060407041741429
0.003059801934145157
0.003059168054632175
0.003058505409162977
0.003057814003968547
0.003057093845550303
0.003056344940680037
0.003055567296399847
0.003054760920022076
0.003053925819129237
0.003053062001573949
0.003052169475478855
0.003051248249236557
0.003050298331509521
0.003049319731230012
0.0030483124576
0.003047276520091076
0.003046211928444362
0.003045118692670423
0.003043996823049169
0.003042846330129759
0.003041667224730504
0.003040459517938762
0.003039223221110837
0.003037958345871871
0.003036664904115732
0.003035342908004907
0.003033992369970384
0.003032613302711536
0.003031205719196004
0.00302976963265957
0.003028305056606038
0.003026812004807103
0.003025290491302222
0.003023740530398487
0.003022162136670481
0.003020555324960152
0.003018920110376663
0.003017256508296259
0.003015564534362113
0.003013844204484191
0.003012095534839089
0.003010318541869891
0.003008513242286009
0.00300667965306303
0.003004817791442551
0.003002927674932023
0.00300100932130458
0.002999062748598878
0.002997087975118921
0.002995085019433889
0.002993053900377969
0.002990994637050171
0.002988907248814149
0.002986791755298025
0.002984648176394199
0.002982476532259163
0.00298027684331331
0.002978049130240749
0.0029757934139891
0.002973509715769306
0.002971198057055428
0.002968858459584445
0.00296649094535605
0.002964095536632444
0.002961672255938123
0.002959221126059671
0.002956742170045542
0.002954235411205844
0.002951700873112122
0.002949138579597134
0.002946548554754626
0.00294393082293911
0.002941285408765632
0.002938612337109538
0.002935911633106245
0.002933183322151
0.002930427429898646
0.002927643982263379
0.0029248330054185
0.002921994525796175
0.002919128570087184
0.002916235165240671
0.002913314338463886
0.002910366117221936
0.002907390529237524
0.002904387602490684
0.002901357365218526
0.002898299845914964
0.002895215073330451
0.002892103076471706
0.002888963884601447
0.002885797527238109
0.002882604034155569
0.002879383435382869
0.002876135761203931
0.002872861042157269
0.002869559309035708
0.002866230592886092
0.00286287492500899
0.002859492336958403
0.002856082860541471
0.002852646527818168
0.002849183371101001
0.002845693422954714
0.00284217671619597
0.002838633283893053
0.002835063159365551
0.002831466376184042
0.002827842968169785
0.002824192969394393
0.00282051641417952
0.002816813337096534
0.002813083772966195
0.002809327756858324
0.002805545324091476
0.002801736510232607
0.00279790135109674
0.002794039882746627
0.00279015214149241
0.002786238163891283
0.002782297986747142
0.002778331647110245
0.00277433918227686
0.002770320629788917
0.00276627602743365
0.002762205413243247
0.002758108825494492
0.0027539863027084
0.002749837883649861
0.002745663607327271
0.002741463512992167
0.00273723764013886
0.00273298602850406
0.002728708718066502
0.002724405749046575
0.002720077161905938
0.002715722997347144
0.002711343296313256
0.002706938099987459
0.002702507449792677
0.002698051387391181
0.002693569954684199
0.00268906319381152
0.002684531147151098
0.002679973857318657
0.002675391367167283
0.002670783719787031
0.00266615095850451
0.002661493126882482
0.002656810268719449
0.002652102428049244
0.002647369649140614
0.002642611976496806
0.002637829454855148
0.002633022129186627
0.002628190044695468
0.002623333246818706
0.002618451781225764
0.002613545693818019
0.00260861503072837
0.002603659838320809
0.00259868016318998
0.002593676052160743
0.002588647552287734
0.002583594710854921
0.002578517575375163
0.002573416193589759
0.002568290613467999
0.002563140883206718
0.002557967051229837
0.002552769166187912
0.002547547276957674
0.00254230143264157
0.0025370316825673
0.002531738076287356
0.002526420663578556
0.00252107949444157
0.00251571461910046
0.002510326088002199
0.002504913951816198
0.002499478261433835
0.002494019067967971
0.002488536422752471
0.00248303037734172
0.002477500983510143
0.002471948293251711
0.00246637235877946
0.002460773232524992
0.002455150967137988
0.002449505615485711
0.002443837230652507
0.002438145865939308
0.002432431574863132
0.002426694411156577
0.002420934428767316
0.002415151681857591
0.002409346224803704
0.002403518112195504
0.002397667398835876
0.002391794139740222
0.002385898390135948
0.002379980205461942
0.002374039641368053
0.002368076753714569
0.002362091598571688
0.002356084232218999
0.002350054711144943
0.002344003092046285
0.002337929431827587
0.002331833787600664
0.002325716216684054
0.002319576776602472
0.002313415525086275
0.00230723252007092
0.002301027819696411
0.002294801482306762
0.002288553566449443
0.002282284130874829
0.00227599323453565
0.002269680936586438
0.002263347296382966
0.002256992373481692
0.002250616227639201
0.00224421891881164
0.002237800507154158
0.002231361053020335
0.002224900616961621
0.00221841925972676
0.002211917042261222
0.002205394025706634
0.002198850271400195
0.00219228584087411
0.002185700795855004
0.002179095198263344
0.002172469110212858
0.00216582259400995
0.002159155712153113
0.002152468527332341
0.002145761102428544
0.002139033500512952
0.002132285784846522
0.002125518018879345
0.002118730266250051
0.002111922590785207
0.002105095056498718
0.002098247727591226
0.002091380668449504
0.002084493943645856
0.002077587617937502
0.002070661756265976
0.002063716423756511
0.002056751685717429
0.002049767607639524
0.002042764255195452
0.002035741694239105
0.002028699990805
0.002021639211107653
0.002014559421540958
0.002007460688677563
0.002000343079268243
0.001993206660241272
0.001986051498701795
0.0019788776619312
0.001971685217386476
0.001964474232699588
0.001957244775676838
0.001949996914298224
0.001942730716716808
0.001935446251258066
0.001928143586419256
0.001920822790868763
0.001913483933445463
0.001906127083158067
0.001898752309184481
0.001891359680871147
0.001883949267732398
0.001876521139449799
0.001869075365871494
0.001861612017011551
0.001854131163049301
0.001846632874328677
0.001839117221357557
0.001831584274807098
0.00182403410551107
0.001816466784465195
0.001808882382826473
0.001801280971912519
0.001793662623200887
0.001786027408328403
0.001778375399090486
0.001770706667440478
0.001763021285488964
0.001755319325503096
0.001747600859905911
0.001739865961275652
0.001732114702345087
0.00172434715600082
0.001716563395282611
0.001708763493382686
0.001700947523645049
0.001693115559564795
0.001685267674787415
0.001677403943108107
0.001669524438471079
0.001661629234968857
0.001653718406841584
0.001645792028476327
0.001637850174406374
0.001629892919310533
0.001621920338012431
0.001613932505479813
0.001605929496823832
0.001597911387298344
0.001589878252299204
0.001581830167363554
0.001573767208169111
0.00156568945053346
0.001557596970413338
0.001549489843903919
0.001541368147238102
0.001533231956785791
0.001525081349053178
0.001516916400682022
0.001508737188448934
0.001500543789264645
0.001492336280173295
0.001484114738351697
0.00147587924110862
0.001467629865884055
0.001459366690248495
0.001451089791902197
0.001442799248674458
0.001434495138522878
0.001426177539532632
0.001417846529915731
0.001409502188010291
0.001401144592279792
0.001392773821312342
0.001384389953819942
0.001375993068637738
0.001367583244723286
0.001359160561155807
0.001350725097135444
0.001342276931982517
0.001333816145136776
0.001325342816156659
0.001316857024718535
0.001308358850615964
0.001299848373758941
0.001291325674173146
0.001282790831999193
0.001274243927491873
0.001265685041019403
0.001257114253062669
0.001248531644214468
0.001239937295178752
0.001231331286769868
0.001222713699911798
0.001214084615637398
0.001205444115087639
0.001196792279510838
0.0011881291902619
0.00117945492880155
0.001170769576695566
0.001162073215614016
0.001153365927330486
0.001144647793721311
0.001135918896764811
0.001127179318540512
0.00111842914122838
0.001109668447108046
0.001100897318558033
0.00109211583805498
0.001083324088172867
0.00107452215158224
0.001065710111049434
0.001056888049435791
0.001048056049696885
0.001039214194881738
0.001030362568132042
0.001021501252681379
0.001012630331854433
0.001003749889066209
0.0009948600078212505
0.0009859607717128518
0.0009770522644222739
0.000968134569717955
0.0009592077714547255
0.000950271953573018
0.0009413272000980783
0.0009323735951391755
0.0009234112228888109
0.0009144401676219265
0.0009054605136951127
0.0008964723455458145
0.0008874757476915378
0.0008784708047290547
0.0008694576013336086
0.0008604362222581169
0.0008514067523323746
0.000842369276462257
0.0008333238796289207
0.0008242706468880048
0.0008152096633688312
0.000806141014273604
0.0007970647848766077
0.0007879810605234072
0.0007788899266300433
0.00076979146868223
0.000760685772234552
0.0007515729229096584
0.0007424530063974588
0.0007333261084543169
0.0007241923149022446
0.000715051711628095
0.0007059043845827542
0.000696750419780334
0.0006875899032973624
0.0006784229212719745
0.0006692495599031031
0.0006600699054496669
0.0006508840442297606
0.0006416920626198432
0.0006324940470539252
0.0006232900840227562
0.0006140802600730123
0.0006048646618064809
0.0005956433758792484
0.0005864164890008837
0.0005771840879336242
0.0005679462594915593
0.0005587030905398148
0.0005494546679937357
0.0005402010788180699
0.0005309424100261498
0.0005216787486790753
0.0005124101818848943
0.0005031367967977851
0.0004938586806172366
0.0004845759205872292
0.0004752886039954146
0.0004659968181722957
0.0004567006504904071
0.0004474001883634926
0.0004380955192456861
0.0004287867306306889
0.0004194739100509498
0.000410157145076843
0.0004008365233158464
0.0003915121324117206
0.0003821840600436883
0.0003728523939256121
0.000363517221805175
0.0003541786314630598
0.0003448367107121306
0.0003354915473966144
0.0003261432293912849
0.0003167918446006485
0.0003074374809581323
0.0002980802264252762
0.0002887201689909301
0.0002793573966704571
0.0002699919975049447
0.0002606240595604292
0.0002512536709271339
0.0002418809197187298
0.0002325058940716253
0.0002231286821442978
0.0002137493721166826
0.0002043680521896466
0.0001949848105845828
0.000185599735543185
0.0001762129153274925
0.0001668244382203495
0.0001574343925265139
0.000148042866574808
0.0001386499487219862
0.0001292557273595155
0.0001198602909254696
0.0001104637279257438
0.0001010661269730276
9.166757686136691e-05
8.226816671645729e-05
7.286798631902747e-05
6.346712685980442e-05
5.406568289394e-05
4.466375812857534e-05
3.52614859871987e-05
2.585912467646186e-05
1.645772757989687e-05
7.07007641018259e-06
