0.0004493809602920904
0.001045812679340349
0.001642503018669029
0.002238288430962619
0.002832751471457991
0.003425526040910216
0.004016254983738642
0.004604584256702955
0.00519016183267633
0.005772637542865698
0.00635166316170719
0.006926892566898813
0.007497981925634729
0.008064589890486058
0.00862637779861675
0.009183009871660875
0.009734153415006806
0.01027947901583216
0.01081866073950308
0.01135137632408042
0.01187730737274028
0.01239613954395092
0.01290756273926735
0.01341127128861633
0.01390696413295199
0.01439434500416685
0.01487312260214731
0.01534301076886514
0.01580372865939935
0.01625500090978519
0.0166965578015892
0.01712813542311138
0.01754947582711771
0.01796032718500868
0.01836044393733134
0.01874958694054471
0.01912752360995095
0.0194940280587066
0.01984888123283086
0.02019187104213004
0.02052279248696007
0.02084144778075115
0.02114764646822135
0.02144120553920846
0.02172194953805207
0.02198971066846049
0.02224432889379977
0.02248565203274497
0.02271353585023646
0.02292784414368685
0.02312844882438703
0.02331522999406276
0.02348807601653591
0.02364688358444762
0.0237915577810034
0.02392201213670346
0.02403816868102405
0.02413995798901928
0.02422731922281525
0.02430020016797187
0.02435855726469062
0.02440235563384958
0.02443156909785004
0.02444618019626252
0.02444618019626252
0.02443156909785004
0.02440235563384958
0.02435855726469062
0.02430020016797187
0.02422731922281525
0.02413995798901928
0.02403816868102405
0.02392201213670346
0.0237915577810034
0.02364688358444762
0.02348807601653591
0.02331522999406276
0.02312844882438703
0.02292784414368685
0.02271353585023646
0.02248565203274497
0.02224432889379977
0.02198971066846049
0.02172194953805207
0.02144120553920846
0.02114764646822135
0.02084144778075115
0.02052279248696007
0.02019187104213004
0.01984888123283086
0.0194940280587066
0.01912752360995095
0.01874958694054471
0.01836044393733134
0.01796032718500868
0.01754947582711771
0.01712813542311138
0.0166965578015892
0.01625500090978519
0.01580372865939935
0.01534301076886514
0.01487312260214731
0.01439434500416685
0.01390696413295199
0.01341127128861633
0.01290756273926735
0.01239613954395092
0.01187730737274028
0.01135137632408042
0.01081866073950308
0.01027947901583216
0.009734153415006806
0.009183009871660875
0.00862637779861675
0.008064589890486058
0.007497981925634729
0.006926892566898813
0.00635166316170719
0.005772637542865698
0.00519016183267633
0.004604584256702955
0.004016254983738642
0.003425526040910216
0.002832751471457991
0.002238288430962619
0.001642503018669029
0.001045812679340349
0.0004493809602920904
