2.825263737393469e-05
6.57657316592402e-05
0.0001033319034969132
0.0001408990173881985
0.0001784618055459533
0.0002160181779769909
0.0002535665435705865
0.0002911054302514885
0.0003286334028523334
0.0003661490400356269
0.0004036509265333199
0.0004411376501795406
0.0004786078006679509
0.0005160599690007674
0.0005534927472403895
0.000590904728403223
0.0006282945064244359
0.0006656606761599344
0.0007030018334087411
0.000740316574946982
0.0007776034985686972
0.000814861203130782
0.0008520882886004808
0.0008892833561045004
0.0009264450079791582
0.0009635718478212058
0.001000662480539091
0.001037715512404508
0.001074729551104125
0.001111703205791433
0.00114863508713865
0.001185523807388661
0.001222367980406954
0.001259166221733556
0.001295917148634926
0.001332619380155819
0.001369271537171103
0.001405872242437516
0.001442420120645377
0.001478913798470217
0.00151535190462436
0.001551733069908418
0.001588055927262727
0.00162431911181869
0.001660521260950056
0.001696661014324109
0.001732737013952771
0.001768747904243624
0.001804692332050843
0.001840568946726031
0.001876376400168972
0.001912113346878277
0.001947778444001943
0.001983370351387809
0.002018887731633911
0.002054329250138731
0.002089693575151347
0.002124979377821473
0.002160185332249388
0.002195310115535763
0.00223035240783136
0.002265310892386635
0.002300184255601207
0.002334971187073224
0.002369670379648598
0.002404280529470124
0.002438800336026473
0.002473228502201058
0.002507563734320775
0.002541804742204615
0.002575950239212142
0.002609998942291839
0.002643949572029324
0.002677800852695418
0.002711551512294088
0.002745200282610239
0.002778745899257372
0.002812187101725092
0.002845522633426472
0.002878751241745274
0.002911871678083012
0.002944882697905876
0.00297778306079149
0.003010571530475527
0.003043246874898158
0.003075807866250352
0.003108253281020013
0.003140581900037945
0.003172792508523682
0.003204883896131111
0.003236854856993974
0.003268704189771164
0.003300430697691875
0.003332033188600568
0.00336351047500177
0.003394861374104691
0.003426084707867677
0.003457179303042464
0.003488143991218276
0.00351897760886572
0.003549678997380514
0.003580247003127015
0.003610680477481574
0.003640978276875699
0.003671139262839014
0.003701162302042053
0.003731046266338834
0.003760790032809257
0.003790392483801297
0.003819852506972999
0.003849168995334278
0.003878340847288517
0.003907366966673955
0.003936246262804878
0.003964977650512608
0.003993560050186274
0.004021992387813378
0.004050273595020158
0.004078402609111728
0.004106378373112013
0.004134199835803464
0.004161865951766561
0.004189375681419093
0.004216727991055221
0.004243921852884324
0.004270956245069617
0.004297830151766544
0.004324542563160961
0.004351092475507065
0.004377478891165123
0.004403700818638955
0.004429757272613187
0.004455647273990282
0.004481369849927326
0.004506924033872585
0.004532308865601824
0.004557523391254389
0.004582566663369048
0.004607437740919592
0.004632135689350198
0.004656659580610545
0.004681008493190686
0.004705181512155669
0.004729177729179931
0.004752996242581413
0.004776636157355452
0.004800096585208406
0.004823376644591041
0.004846475460731642
0.004869392165668899
0.00489212589828451
0.004914675804335543
0.004937041036486536
0.004959220754341334
0.004981214124474667
0.005003020320463474
0.005024638522917944
0.00504606791951232
0.00506730770501541
0.005088357081320852
0.005109215257477103
0.005129881449717156
0.005150354881487996
0.005170634783479773
0.005190720393654719
0.005210610957275772
0.005230305726934945
0.005249803962581402
0.005269104931549276
0.005288207908585191
0.005307112175875518
0.005325817023073348
0.005344321747325183
0.005362625653297345
0.005380728053202108
0.005398628266823536
0.005416325621543051
0.0054338194523647
0.005451109101940146
0.005468193920593369
0.005485073266345076
0.005501746504936828
0.005518213009854867
0.005534472162353667
0.00555052335147917
0.00556636597409176
0.005581999434888912
0.00559742314642757
0.005612636529146217
0.005627639011386654
0.00564243002941548
0.005657009027445275
0.005671375457655483
0.005685528780213002
0.005699468463292461
0.005713193983096208
0.005726704823873996
0.005740000477942355
0.005753080445703675
0.005765944235664974
0.005778591364456372
0.005791021356849247
0.005803233745774101
0.005815228072338101
0.005827003885842331
0.005838560743798724
0.005849898211946681
0.005861015864269407
0.005871913283009901
0.005882590058686663
0.005893045790109079
0.005903280084392497
0.005913292556972986
0.005923082831621791
0.005932650540459467
0.005941995323969708
0.005951116831012846
0.005960014718839055
0.005968688653101226
0.005977138307867531
0.00598536336563367
0.005993363517334804
0.00600113846235716
0.006008687908549343
0.006016011572233293
0.006023109178214963
0.00602998045979465
0.006036625158777019
0.006043043025480804
0.00604923381874819
0.006055197305953877
0.006060933263013818
0.006066441474393642
0.00607172173311675
0.006076773840772097
0.006081597607521642
0.006086192852107485
0.006090559401858673
0.006094697092697697
0.006098605769146653
0.006102285284333078
0.006105735499995479
0.006108956286488524
0.00611194752278791
0.006114709096494917
0.006117240903840628
0.006119542849689829
0.006121614847544583
0.00612345681954748
0.006125068696484565
0.006126450417787938
0.006127601931538023
0.006128523194465533
0.006129214171953084
0.006129674838036499
0.006129905175405786
0.006129905175405786
0.006129674838036499
0.006129214171953084
0.006128523194465533
0.006127601931538023
0.006126450417787938
0.006125068696484565
0.00612345681954748
0.006121614847544583
0.006119542849689829
0.006117240903840628
0.006114709096494917
0.00611194752278791
0.006108956286488524
0.006105735499995479
0.006102285284333078
0.006098605769146653
0.006094697092697697
0.006090559401858673
0.006086192852107485
0.006081597607521642
0.006076773840772097
0.00607172173311675
0.006066441474393642
0.006060933263013818
0.006055197305953877
0.00604923381874819
0.006043043025480804
0.006036625158777019
0.00602998045979465
0.006023109178214963
0.006016011572233293
0.006008687908549343
0.00600113846235716
0.005993363517334804
0.00598536336563367
0.005977138307867531
0.005968688653101226
0.005960014718839055
0.005951116831012846
0.005941995323969708
0.005932650540459467
0.005923082831621791
0.005913292556972986
0.005903280084392497
0.005893045790109079
0.005882590058686663
0.005871913283009901
0.005861015864269407
0.005849898211946681
0.005838560743798724
0.005827003885842331
0.005815228072338101
0.005803233745774101
0.005791021356849247
0.005778591364456372
0.005765944235664974
0.005753080445703675
0.005740000477942355
0.005726704823873996
0.005713193983096208
0.005699468463292461
0.005685528780213002
0.005671375457655483
0.005657009027445275
0.00564243002941548
0.005627639011386654
0.005612636529146217
0.00559742314642757
0.005581999434888912
0.00556636597409176
0.00555052335147917
0.005534472162353667
0.005518213009854867
0.005501746504936828
0.005485073266345076
0.005468193920593369
0.005451109101940146
0.0054338194523647
0.005416325621543051
0.005398628266823536
0.005380728053202108
0.005362625653297345
0.005344321747325183
0.005325817023073348
0.005307112175875518
0.005288207908585191
0.005269104931549276
0.005249803962581402
0.005230305726934945
0.005210610957275772
0.005190720393654719
0.005170634783479773
0.005150354881487996
0.005129881449717156
0.005109215257477103
0.005088357081320852
0.00506730770501541
0.00504606791951232
0.005024638522917944
0.005003020320463474
0.004981214124474667
0.004959220754341334
0.004937041036486536
0.004914675804335543
0.00489212589828451
0.004869392165668899
0.004846475460731642
0.004823376644591041
0.004800096585208406
0.004776636157355452
0.004752996242581413
0.004729177729179931
0.004705181512155669
0.004681008493190686
0.004656659580610545
0.004632135689350198
0.004607437740919592
0.004582566663369048
0.004557523391254389
0.004532308865601824
0.004506924033872585
0.004481369849927326
0.004455647273990282
0.004429757272613187
0.004403700818638955
0.004377478891165123
0.004351092475507065
0.004324542563160961
0.004297830151766544
0.004270956245069617
0.004243921852884324
0.004216727991055221
0.004189375681419093
0.004161865951766561
0.004134199835803464
0.004106378373112013
0.004078402609111728
0.004050273595020158
0.004021992387813378
0.003993560050186274
0.003964977650512608
0.003936246262804878
0.003907366966673955
0.003878340847288517
0.003849168995334278
0.003819852506972999
0.003790392483801297
0.003760790032809257
0.003731046266338834
0.003701162302042053
0.003671139262839014
0.003640978276875699
0.003610680477481574
0.003580247003127015
0.003549678997380514
0.00351897760886572
0.003488143991218276
0.003457179303042464
0.003426084707867677
0.003394861374104691
0.00336351047500177
0.003332033188600568
0.003300430697691875
0.003268704189771164
0.003236854856993974
0.003204883896131111
0.003172792508523682
0.003140581900037945
0.003108253281020013
0.003075807866250352
0.003043246874898158
0.003010571530475527
0.00297778306079149
0.002944882697905876
0.002911871678083012
0.002878751241745274
0.002845522633426472
0.002812187101725092
0.002778745899257372
0.002745200282610239
0.002711551512294088
0.002677800852695418
0.002643949572029324
0.002609998942291839
0.002575950239212142
0.002541804742204615
0.002507563734320775
0.002473228502201058
0.002438800336026473
0.002404280529470124
0.002369670379648598
0.002334971187073224
0.002300184255601207
0.002265310892386635
0.00223035240783136
0.002195310115535763
0.002160185332249388
0.002124979377821473
0.002089693575151347
0.002054329250138731
0.002018887731633911
0.001983370351387809
0.001947778444001943
0.001912113346878277
0.001876376400168972
0.001840568946726031
0.001804692332050843
0.001768747904243624
0.001732737013952771
0.001696661014324109
0.001660521260950056
0.00162431911181869
0.001588055927262727
0.001551733069908418
0.00151535190462436
0.001478913798470217
0.001442420120645377
0.001405872242437516
0.001369271537171103
0.001332619380155819
0.001295917148634926
0.001259166221733556
0.001222367980406954
0.001185523807388661
0.00114863508713865
0.001111703205791433
0.001074729551104125
0.001037715512404508
0.001000662480539091
0.0009635718478212058
0.0009264450079791582
0.0008892833561045004
0.0008520882886004808
0.000814861203130782
0.0007776034985686972
0.000740316574946982
0.0007030018334087411
0.0006656606761599344
0.0006282945064244359
0.000590904728403223
0.0005534927472403895
0.0005160599690007674
0.0004786078006679509
0.0004411376501795406
0.0004036509265333199
0.0003661490400356269
0.0003286334028523334
0.0002911054302514885
0.0002535665435705865
0.0002160181779769909
0.0001784618055459533
0.0001408990173881985
0.0001033319034969132
6.57657316592402e-05
2.825263737393469e-05
