4.422038513909487e-07
1.029366140415133e-06
1.617397251702019e-06
2.20550292744313e-06
2.793622467092977e-06
3.381744904857991e-06
3.969867079356552e-06
4.55798768754072e-06
5.14610599843105e-06
5.734221491077194e-06
6.322333732265028e-06
6.910442329245e-06
7.498546909454115e-06
8.086647111063924e-06
8.674742578265238e-06
9.262832958778807e-06
9.850917902476644e-06
1.043899706058638e-05
1.102707008521541e-05
1.161513662905729e-05
1.22031963452055e-05
1.279124888703236e-05
1.337929390810861e-05
1.396733106214892e-05
1.455536000297432e-05
1.514338038448589e-05
1.573139186064601e-05
1.631939408546494e-05
1.690738671299102e-05
1.749536939730343e-05
1.808334179250689e-05
1.867130355272766e-05
1.925925433211049e-05
1.984719378481643e-05
2.043512156502108e-05
2.102303732691327e-05
2.161094072469413e-05
2.219883141257632e-05
2.27867090447835e-05
2.337457327554991e-05
2.396242375912012e-05
2.455026014974879e-05
2.513808210170058e-05
2.572588926925009e-05
2.631368130668183e-05
2.690145786829025e-05
2.748921860837978e-05
2.80769631812649e-05
2.866469124127028e-05
2.925240244273083e-05
2.98400964399919e-05
3.042777288740935e-05
3.101543143934972e-05
3.160307175019043e-05
3.219069347431988e-05
3.277829626613766e-05
3.336587978005469e-05
3.395344367049345e-05
3.454098759188809e-05
3.51285111986847e-05
3.57160141453414e-05
3.630349608632862e-05
3.689095667612921e-05
3.74783955692387e-05
3.806581242016544e-05
3.865320688343084e-05
3.924057861356954e-05
3.982792726512959e-05
4.041525249267269e-05
4.100255395077434e-05
4.158983129402409e-05
4.21770841770257e-05
4.276431225439734e-05
4.335151518077183e-05
4.393869261079679e-05
4.452584419913485e-05
4.511296960046391e-05
4.570006846947724e-05
4.628714046088376e-05
4.687418522940822e-05
4.746120242979138e-05
4.804819171679026e-05
4.863515274517827e-05
4.922208516974548e-05
4.98089886452988e-05
5.039586282666216e-05
5.098270736867672e-05
5.156952192620111e-05
5.215630615411159e-05
5.274305970730227e-05
5.332978224068527e-05
5.391647340919103e-05
5.450313286776838e-05
5.508976027138486e-05
5.567635527502681e-05
5.626291753369967e-05
5.684944670242813e-05
5.743594243625635e-05
5.802240439024818e-05
5.860883221948729e-05
5.919522557907744e-05
5.97815841241427e-05
6.036790750982757e-05
6.095419539129727e-05
6.154044742373791e-05
6.212666326235664e-05
6.271284256238192e-05
6.329898497906372e-05
6.388509016767369e-05
6.447115778350538e-05
6.505718748187442e-05
6.564317891811878e-05
6.62291317475989e-05
6.681504562569793e-05
6.740092020782196e-05
6.798675514940018e-05
6.857255010588507e-05
6.915830473275266e-05
6.974401868550267e-05
7.032969161965876e-05
7.091532319076872e-05
7.150091305440468e-05
7.208646086616325e-05
7.267196628166582e-05
7.32574289565587e-05
7.384284854651335e-05
7.442822470722652e-05
7.501355709442059e-05
7.559884536384359e-05
7.618408917126957e-05
7.676928817249871e-05
7.735444202335752e-05
7.793955037969908e-05
7.852461289740324e-05
7.910962923237678e-05
7.969459904055368e-05
8.027952197789525e-05
8.086439770039038e-05
8.144922586405573e-05
8.203400612493594e-05
8.26187381391038e-05
8.32034215626605e-05
8.37880560517358e-05
8.437264126248821e-05
8.49571768511053e-05
8.55416624738037e-05
8.612609778682958e-05
8.671048244645857e-05
8.729481610899616e-05
8.78790984307778e-05
8.846332906816917e-05
8.90475076775663e-05
8.963163391539588e-05
9.021570743811533e-05
9.079972790221314e-05
9.138369496420898e-05
9.196760828065388e-05
9.255146750813056e-05
9.313527230325353e-05
9.371902232266926e-05
9.43027172230565e-05
9.48863566611264e-05
9.546994029362267e-05
9.605346777732195e-05
9.663693876903378e-05
9.722035292560108e-05
9.780370990390003e-05
9.838700936084055e-05
9.897025095336635e-05
9.955343433845516e-05
0.000100136559173119
0.0001007196251144042
0.0001013026318193919
0.000101885578945198
0.0001024684661489733
0.0001030512930879041
0.000103634059419212
0.0001042167648001543
0.000104799408888024
0.0001053819913401503
0.0001059645118138986
0.0001065469699666709
0.0001071293654559055
0.0001077116979390779
0.0001082939670737004
0.0001088761725173228
0.0001094583139275322
0.0001100403909619534
0.0001106224032782491
0.00011120435053412
0.000111786232387305
0.0001123680484955816
0.000112949798516766
0.0001135314821087131
0.000114113098929317
0.000114694648636511
0.0001152761308882679
0.0001158575453426002
0.0001164388916575602
0.0001170201694912403
0.0001176013785017733
0.0001181825183473322
0.000118763588686131
0.0001193445891764244
0.0001199255194765082
0.0001205063792447195
0.0001210871681394368
0.0001216678858190804
0.0001222485319421125
0.0001228291061670373
0.0001234096081524012
0.0001239900375567933
0.0001245703940388452
0.0001251506772572316
0.0001257308868706701
0.0001263110225379216
0.0001268910839177905
0.0001274710706691251
0.0001280509824508173
0.0001286308189218032
0.0001292105797410632
0.0001297902645676223
0.00013036987306055
0.0001309494048789608
0.0001315288596820143
0.0001321082371289154
0.0001326875368789144
0.0001332667585913074
0.0001338459019254364
0.0001344249665406894
0.0001350039520965008
0.0001355828582523514
0.0001361616846677688
0.0001367404310023275
0.0001373190969156489
0.000137897682067402
0.0001384761861173031
0.0001390546087251161
0.0001396329495506531
0.0001402112082537741
0.0001407893844943875
0.00014136747793245
0.0001419454882279673
0.0001425234150409936
0.0001431012580316327
0.0001436790168600373
0.0001442566911864097
0.000144834280671002
0.000145411784974116
0.0001459892037561039
0.0001465665366773679
0.0001471437833983609
0.0001477209435795864
0.0001482980168815988
0.0001488750029650035
0.0001494519014904574
0.0001500287121186689
0.0001506054345103979
0.0001511820683264562
0.0001517586132277079
0.0001523350688750693
0.0001529114349295091
0.0001534877110520488
0.0001540638969037627
0.0001546399921457783
0.0001552159964392763
0.000155791909445491
0.0001563677308257103
0.0001569434602412759
0.0001575190973535837
0.0001580946418240841
0.0001586700933142815
0.0001592454514857353
0.0001598207160000598
0.0001603958865189243
0.0001609709627040534
0.0001615459442172271
0.0001621208307202813
0.0001626956218751074
0.0001632703173436534
0.000163844916787923
0.0001644194198699769
0.0001649938262519321
0.0001655681355959626
0.0001661423475642996
0.0001667164618192313
0.0001672904780231036
0.00016786439583832
0.0001684382149273418
0.0001690119349526884
0.0001695855555769375
0.0001701590764627252
0.0001707324972727463
0.0001713058176697546
0.0001718790373165626
0.0001724521558760423
0.0001730251730111253
0.0001735980883848024
0.0001741709016601247
0.0001747436125002031
0.0001753162205682088
0.0001758887255273735
0.0001764611270409894
0.0001770334247724097
0.0001776056183850485
0.0001781777075423813
0.0001787496919079449
0.0001793215711453378
0.0001798933449182202
0.0001804650128903145
0.0001810365747254053
0.0001816080300873394
0.0001821793786400265
0.0001827506200474391
0.0001833217539736125
0.0001838927800826454
0.0001844636980386997
0.0001850345075060013
0.0001856052081488395
0.0001861757996315678
0.0001867462816186039
0.0001873166537744298
0.0001878869157635922
0.0001884570672507025
0.0001890271079004373
0.000189597037377538
0.0001901668553468118
0.0001907365614731312
0.0001913061554214346
0.0001918756368567264
0.0001924450054440769
0.0001930142608486232
0.0001935834027355687
0.0001941524307701837
0.0001947213446178052
0.0001952901439438377
0.0001958588284137527
0.0001964273976930897
0.0001969958514474554
0.000197564189342525
0.0001981324110440414
0.000198700516217816
0.0001992685045297288
0.0001998363756457285
0.0002004041292318326
0.0002009717649541279
0.0002015392824787704
0.0002021066814719857
0.0002026739616000689
0.0002032411225293855
0.0002038081639263705
0.0002043750854575296
0.0002049418867894388
0.0002055085675887449
0.0002060751275221656
0.0002066415662564897
0.000207207883458577
0.0002077740787953593
0.0002083401519338395
0.0002089061025410928
0.0002094719302842663
0.0002100376348305792
0.0002106032158473236
0.0002111686730018638
0.0002117340059616371
0.000212299214394154
0.000212864297966998
0.0002134292563478261
0.000213994089204369
0.0002145587962044313
0.0002151233770158915
0.0002156878313067021
0.0002162521587448904
0.0002168163589985583
0.000217380431735882
0.0002179443766251132
0.0002185081933345787
0.0002190718815326806
0.0002196354408878965
0.00022019887106878
0.0002207621717439604
0.0002213253425821434
0.000221888383252111
0.0002224512934227218
0.0002230140727629109
0.0002235767209416905
0.0002241392376281502
0.0002247016224914565
0.0002252638752008538
0.0002258259954256639
0.0002263879828352868
0.0002269498370992003
0.0002275115578869609
0.0002280731448682033
0.000228634597712641
0.0002291959160900663
0.0002297570996703508
0.0002303181481234452
0.0002308790611193796
0.000231439838328264
0.0002320004794202881
0.0002325609840657218
0.000233121351934915
0.0002336815826982981
0.0002342416760263825
0.0002348016315897601
0.0002353614490591037
0.0002359211281051676
0.0002364806683987873
0.0002370400696108802
0.0002375993314124451
0.0002381584534745631
0.0002387174354683975
0.0002392762770651936
0.0002398349779362798
0.0002403935377530668
0.0002409519561870487
0.0002415102329098022
0.0002420683675929878
0.0002426263599083494
0.0002431842095277146
0.0002437419161229951
0.0002442994793661862
0.0002448568989293683
0.0002454141744847056
0.0002459713057044472
0.0002465282922609275
0.0002470851338265653
0.0002476418300738652
0.0002481983806754171
0.0002487547853038964
0.0002493110436320646
0.0002498671553327691
0.0002504231200789435
0.000250978937543608
0.0002515346073998693
0.0002520901293209209
0.0002526455029800433
0.0002532007280506043
0.0002537558042060591
0.0002543107311199502
0.0002548655084659082
0.0002554201359176516
0.0002559746131489869
0.0002565289398338091
0.0002570831156461017
0.0002576371402599368
0.0002581910133494758
0.0002587447345889688
0.0002592983036527554
0.0002598517202152645
0.0002604049839510152
0.0002609580945346159
0.0002615110516407654
0.0002620638549442527
0.0002626165041199571
0.0002631689988428489
0.000263721338787989
0.0002642735236305292
0.0002648255530457128
0.0002653774267088742
0.0002659291442954398
0.0002664807054809276
0.0002670321099409474
0.0002675833573512014
0.0002681344473874842
0.0002686853797256828
0.0002692361540417769
0.0002697867700118394
0.0002703372273120362
0.0002708875256186263
0.0002714376646079625
0.0002719876439564914
0.0002725374633407531
0.000273087122437382
0.0002736366209231066
0.0002741859584747503
0.0002747351347692306
0.0002752841494835603
0.0002758330022948469
0.0002763816928802931
0.0002769302209171976
0.0002774785860829538
0.0002780267880550516
0.0002785748265110764
0.0002791227011287102
0.0002796704115857312
0.0002802179575600139
0.0002807653387295298
0.0002813125547723473
0.0002818596053666318
0.0002824064901906462
0.0002829532089227508
0.0002834997612414033
0.0002840461468251599
0.0002845923653526742
0.0002851384165026985
0.0002856842999540833
0.000286230015385778
0.0002867755624768305
0.0002873209409063876
0.000287866150353696
0.0002884111904981011
0.000288956061019048
0.0002895007615960817
0.0002900452919088472
0.0002905896516370894
0.0002911338404606539
0.0002916778580594863
0.0002922217041136333
0.0002927653783032424
0.0002933088803085622
0.0002938522098099423
0.0002943953664878342
0.0002949383500227907
0.0002954811600954666
0.0002960237963866186
0.0002965662585771058
0.0002971085463478894
0.0002976506593800334
0.0002981925973547046
0.0002987343599531725
0.0002992759468568101
0.0002998173577470935
0.0003003585923056023
0.0003008996502140199
0.0003014405311541336
0.0003019812348078347
0.0003025217608571189
0.0003030621089840862
0.0003036022788709412
0.0003041422701999937
0.0003046820826536581
0.0003052217159144541
0.0003057611696650069
0.0003063004435880472
0.0003068395373664116
0.0003073784506830424
0.0003079171832209882
0.0003084557346634039
0.0003089941046935509
0.0003095322929947973
0.000310070299250618
0.0003106081231445952
0.0003111457643604179
0.0003116832225818831
0.0003122204974928951
0.000312757588777466
0.000313294496119716
0.0003138312192038733
0.0003143677577142748
0.0003149041113353657
0.0003154402797517
0.0003159762626479406
0.0003165120597088596
0.0003170476706193382
0.0003175830950643674
0.0003181183327290475
0.0003186533832985889
0.0003191882464583121
0.0003197229218936474
0.000320257409290136
0.0003207917083334295
0.0003213258187092901
0.0003218597401035912
0.0003223934722023174
0.0003229270146915643
0.0003234603672575394
0.0003239935295865616
0.0003245265013650618
0.0003250592822795829
0.0003255918720167803
0.0003261242702634215
0.0003266564767063869
0.0003271884910326695
0.0003277203129293754
0.0003282519420837238
0.0003287833781830474
0.0003293146209147923
0.0003298456699665183
0.0003303765250258993
0.0003309071857807231
0.0003314376519188919
0.0003319679231284223
0.0003324979990974455
0.0003330278795142076
0.0003335575640670698
0.0003340870524445081
0.0003346163443351145
0.0003351454394275961
0.0003356743374107758
0.0003362030379735926
0.0003367315408051013
0.0003372598455944734
0.0003377879520309966
0.0003383158598040753
0.0003388435686032308
0.0003393710781181013
0.0003398983880384423
0.0003404254980541269
0.0003409524078551452
0.0003414791171316058
0.0003420056255737345
0.0003425319328718756
0.0003430580387164918
0.000343583942798164
0.0003441096448075921
0.0003446351444355943
0.0003451604413731085
0.0003456855353111913
0.0003462104259410189
0.000346735112953887
0.0003472595960412112
0.0003477838748945268
0.0003483079492054894
0.0003488318186658749
0.0003493554829675795
0.0003498789418026203
0.000350402194863135
0.0003509252418413825
0.0003514480824297428
0.0003519707163207175
0.0003524931432069294
0.0003530153627811233
0.0003535373747361658
0.000354059178765046
0.0003545807745608745
0.0003551021618168851
0.0003556233402264339
0.000356144309483
0.0003566650692801853
0.0003571856193117151
0.0003577059592714379
0.0003582260888533259
0.0003587460077514749
0.0003592657156601047
0.0003597852122735591
0.0003603044972863063
0.0003608235703929388
0.0003613424312881739
0.0003618610796668535
0.0003623795152239446
0.0003628977376545395
0.0003634157466538555
0.0003639335419172359
0.0003644511231401492
0.0003649684900181902
0.0003654856422470793
0.0003660025795226639
0.0003665193015409169
0.0003670358079979385
0.0003675520985899554
0.0003680681730133211
0.0003685840309645167
0.0003690996721401501
0.000369615096236957
0.0003701303029518009
0.0003706452919816726
0.0003711600630236915
0.0003716746157751048
0.0003721889499332884
0.0003727030651957468
0.0003732169612601126
0.0003737306378241481
0.0003742440945857444
0.0003747573312429216
0.0003752703474938297
0.0003757831430367481
0.0003762957175700861
0.0003768080707923827
0.0003773202024023074
0.0003778321120986598
0.0003783437995803703
0.0003788552645464998
0.0003793665066962399
0.0003798775257289136
0.0003803883213439748
0.0003808988932410091
0.0003814092411197336
0.0003819193646799967
0.0003824292636217795
0.0003829389376451946
0.000383448386450487
0.0003839576097380345
0.0003844666072083472
0.000384975378562068
0.000385483923499973
0.0003859922417229712
0.0003865003329321052
0.000387008196828551
0.0003875158331136181
0.0003880232414887502
0.000388530421655525
0.0003890373733156541
0.0003895440961709837
0.0003900505899234945
0.0003905568542753023
0.0003910628889286574
0.0003915686935859453
0.0003920742679496866
0.0003925796117225376
0.0003930847246072904
0.0003935896063068725
0.0003940942565243473
0.0003945986749629148
0.0003951028613259109
0.0003956068153168082
0.0003961105366392159
0.0003966140249968802
0.000397117280093684
0.0003976203016336476
0.0003981230893209287
0.0003986256428598225
0.0003991279619547615
0.0003996300463103168
0.0004001318956311972
0.0004006335096222495
0.0004011348879884593
0.0004016360304349507
0.0004021369366669864
0.000402637606389968
0.0004031380393094364
0.0004036382351310717
0.0004041381935606933
0.0004046379143042605
0.0004051373970678719
0.0004056366415577667
0.0004061356474803237
0.0004066344145420625
0.0004071329424496426
0.0004076312309098647
0.0004081292796296699
0.0004086270883161406
0.0004091246566765003
0.0004096219844181138
0.0004101190712484872
0.0004106159168752686
0.0004111125210062482
0.0004116088833493574
0.0004121050036126706
0.0004126008815044042
0.000413096516732917
0.0004135919090067111
0.000414087058034431
0.0004145819635248643
0.000415076625186942
0.0004155710427297384
0.0004160652158624714
0.0004165591442945025
0.0004170528277353374
0.0004175462658946258
0.0004180394584821616
0.0004185324052078828
0.0004190251057818727
0.0004195175599143589
0.000420009767315714
0.0004205017276964557
0.000420993440767247
0.0004214849062388966
0.0004219761238223584
0.0004224670932287323
0.0004229578141692642
0.000423448286355346
0.0004239385094985162
0.0004244284833104593
0.0004249182075030068
0.0004254076817881369
0.0004258969058779747
0.0004263858794847926
0.0004268746023210102
0.0004273630740991948
0.0004278512945320608
0.0004283392633324711
0.0004288269802134363
0.0004293144448881151
0.0004298016570698144
0.0004302886164719901
0.0004307753228082463
0.000431261775792336
0.0004317479751381615
0.000432233920559774
0.0004327196117713739
0.0004332050484873116
0.0004336902304220868
0.0004341751572903491
0.0004346598288068982
0.0004351442446866839
0.0004356284046448064
0.0004361123083965164
0.0004365959556572151
0.000437079346142455
0.0004375624795679392
0.0004380453556495222
0.0004385279741032097
0.0004390103346451591
0.0004394924369916792
0.000439974280859231
0.0004404558659644274
0.0004409371920240333
0.0004414182587549662
0.0004418990658742958
0.0004423796130992451
0.0004428599001471891
0.0004433399267356567
0.0004438196925823293
0.0004442991974050419
0.0004447784409217831
0.0004452574228506951
0.0004457361429100739
0.0004462146008183697
0.0004466927962941866
0.0004471707290562832
0.0004476483988235726
0.0004481258053151226
0.0004486029482501559
0.00044907982734805
0.0004495564423283378
0.0004500327929107072
0.0004505088788150021
0.0004509846997612217
0.000451460255469521
0.0004519355456602113
0.0004524105700537598
0.00045288532837079
0.0004533598203320821
0.0004538340456585729
0.0004543080040713558
0.0004547816952916814
0.0004552551190409574
0.0004557282750407487
0.000456201163012778
0.0004566737826789251
0.0004571461337612281
0.0004576182159818828
0.000458090029063243
0.0004585615727278212
0.0004590328466982882
0.0004595038506974729
0.0004599745844483639
0.0004604450476741081
0.0004609152400980116
0.0004613851614435397
0.0004618548114343175
0.0004623241897941294
0.0004627932962469195
0.000463262130516792
0.0004637306923280112
0.0004641989814050013
0.0004646669974723473
0.0004651347402547947
0.0004656022094772494
0.0004660694048647786
0.0004665363261426102
0.0004670029730361338
0.0004674693452708999
0.0004679354425726206
0.0004684012646671698
0.0004688668112805834
0.0004693320821390591
0.0004697970769689569
0.0004702617954967989
0.0004707262374492702
0.0004711904025532181
0.0004716542905356528
0.0004721179011237477
0.0004725812340448391
0.0004730442890264269
0.0004735070657961739
0.0004739695640819073
0.0004744317836116175
0.000474893724113459
0.0004753553853157506
0.0004758167669469751
0.0004762778687357797
0.0004767386904109765
0.0004771992317015422
0.0004776594923366181
0.0004781194720455111
0.0004785791705576928
0.0004790385876028006
0.0004794977229106371
0.0004799565762111709
0.0004804151472345363
0.0004808734357110334
0.000481331441371129
0.0004817891639454558
0.0004822466031648132
0.0004827037587601672
0.0004831606304626504
0.0004836172180035627
0.0004840735211143709
0.0004845295395267093
0.0004849852729723794
0.0004854407211833505
0.0004858958838917593
0.0004863507608299109
0.0004868053517302782
0.0004872596563255022
0.0004877136743483926
0.0004881674055319276
0.0004886208496092536
0.0004890740063136867
0.0004895268753787114
0.0004899794565379814
0.0004904317495253198
0.0004908837540747195
0.0004913354699203426
0.0004917868967965212
0.0004922380344377574
0.0004926888825787232
0.000493139440954261
0.0004935897092993838
0.0004940396873492749
0.0004944893748392882
0.000494938771504949
0.0004953878770819531
0.0004958366913061681
0.0004962852139136323
0.000496733444640556
0.0004971813832233208
0.0004976290293984804
0.0004980763829027603
0.0004985234434730583
0.0004989702108464443
0.0004994166847601608
0.0004998628649516226
0.0005003087511584178
0.0005007543431183067
0.0005011996405692234
0.0005016446432492743
0.0005020893508967403
0.0005025337632500748
0.0005029778800479054
0.0005034217010290334
0.000503865225932434
0.0005043084544972567
0.0005047513864628251
0.0005051940215686376
0.0005056363595543668
0.0005060784001598599
0.0005065201431251398
0.0005069615881904034
0.0005074027350960237
0.0005078435835825485
0.0005082841333907014
0.0005087243842613815
0.0005091643359356637
0.000509603988154799
0.0005100433406602147
0.0005104823931935137
0.0005109211454964761
0.0005113595973110581
0.0005117977483793927
0.0005122355984437899
0.0005126731472467365
0.0005131103945308971
0.0005135473400391126
0.0005139839835144022
0.0005144203246999627
0.0005148563633391682
0.0005152920991755711
0.0005157275319529018
0.000516162661415069
0.0005165974873061596
0.0005170320093704393
0.0005174662273523523
0.0005179001409965218
0.0005183337500477498
0.0005187670542510173
0.0005192000533514853
0.0005196327470944934
0.0005200651352255613
0.0005204972174903883
0.0005209289936348535
0.0005213604634050162
0.0005217916265471158
0.000522222482807572
0.000522653031932985
0.0005230832736701356
0.0005235132077659859
0.0005239428339676779
0.0005243721520225356
0.0005248011616780637
0.0005252298626819487
0.0005256582547820582
0.000526086337726442
0.000526514111263331
0.0005269415751411386
0.0005273687291084604
0.0005277955729140739
0.0005282221063069391
0.0005286483290361987
0.0005290742408511783
0.0005294998415013858
0.0005299251307365125
0.0005303501083064327
0.0005307747739612044
0.0005311991274510683
0.0005316231685264493
0.0005320468969379557
0.0005324703124363802
0.0005328934147726988
0.0005333162036980723
0.0005337386789638456
0.0005341608403215477
0.0005345826875228929
0.0005350042203197797
0.000535425438464292
0.0005358463417086985
0.0005362669298054529
0.0005366872025071944
0.000537107159566748
0.000537526800737124
0.0005379461257715185
0.0005383651344233137
0.0005387838264460778
0.000539202201593565
0.0005396202596197161
0.0005400380002786585
0.0005404554233247061
0.0005408725285123594
0.0005412893155963064
0.0005417057843314217
0.0005421219344727671
0.0005425377657755921
0.0005429532779953336
0.0005433684708876163
0.0005437833442082522
0.0005441978977132416
0.0005446121311587731
0.0005450260443012233
0.000545439636897157
0.000545852908703328
0.0005462658594766782
0.0005466784889743388
0.0005470907969536297
0.0005475027831720598
0.0005479144473873277
0.0005483257893573208
0.0005487368088401163
0.0005491475055939813
0.0005495578793773719
0.0005499679299489353
0.0005503776570675079
0.0005507870604921168
0.0005511961399819791
0.0005516048952965026
0.0005520133261952859
0.0005524214324381184
0.0005528292137849801
0.0005532366699960423
0.0005536438008316678
0.00055405060605241
0.0005544570854190147
0.0005548632386924187
0.000555269065633751
0.000555674566004332
0.0005560797395656749
0.0005564845860794845
0.0005568891053076583
0.000557293297012286
0.0005576971609556501
0.000558100696900226
0.0005585039046086816
0.0005589067838438783
0.0005593093343688704
0.0005597115559469056
0.0005601134483414249
0.0005605150113160634
0.0005609162446346494
0.0005613171480612053
0.0005617177213599476
0.0005621179642952867
0.0005625178766318277
0.0005629174581343698
0.0005633167085679068
0.0005637156276976273
0.0005641142152889148
0.0005645124711073477
0.0005649103949186996
0.0005653079864889391
0.0005657052455842308
0.0005661021719709341
0.0005664987654156047
0.0005668950256849936
0.0005672909525460482
0.0005676865457659115
0.0005680818051119234
0.0005684767303516194
0.0005688713212527322
0.0005692655775831905
0.0005696594991111202
0.000570053085604844
0.0005704463368328816
0.00057083925256395
0.0005712318325669632
0.000571624076611033
0.0005720159844654687
0.0005724075558997773
0.0005727987906836634
0.0005731896885870302
0.0005735802493799784
0.0005739704728328074
0.0005743603587160146
0.0005747499068002964
0.0005751391168565475
0.0005755279886558617
0.0005759165219695313
0.0005763047165690481
0.0005766925722261032
0.0005770800887125865
0.0005774672658005876
0.0005778541032623961
0.0005782406008705009
0.0005786267583975908
0.000579012575616555
0.0005793980523004823
0.0005797831882226622
0.0005801679831565844
0.0005805524368759393
0.0005809365491546177
0.0005813203197667115
0.0005817037484865135
0.0005820868350885175
0.0005824695793474186
0.000582851981038113
0.0005832340399356986
0.000583615755815475
0.0005839971284529432
0.0005843781576238064
0.0005847588431039696
0.00058513918466954
0.0005855191820968272
0.0005858988351623429
0.0005862781436428015
0.0005866571073151202
0.0005870357259564188
0.00058741399934402
0.0005877919272554499
0.000588169509468437
0.0005885467457609141
0.0005889236359110168
0.0005893001796970845
0.0005896763768976602
0.0005900522272914909
0.0005904277306575272
0.0005908028867749245
0.0005911776954230416
0.0005915521563814423
0.0005919262694298945
0.0005923000343483709
0.0005926734509170488
0.0005930465189163107
0.0005934192381267436
0.0005937916083291403
0.000594163629304498
0.0005945353008340201
0.0005949066226991151
0.0005952775946813972
0.0005956482165626864
0.0005960184881250087
0.0005963884091505959
0.0005967579794218864
0.0005971271987215242
0.0005974960668323605
0.0005978645835374522
0.0005982327486200639
0.0005986005618636661
0.0005989680230519366
0.0005993351319687602
0.0005997018883982289
0.000600068292124642
0.0006004343429325064
0.0006008000406065362
0.0006011653849316534
0.000601530375692988
0.0006018950126758776
0.0006022592956658681
0.0006026232244487134
0.0006029867988103758
0.0006033500185370263
0.0006037128834150441
0.0006040753932310172
0.0006044375477717426
0.0006047993468242261
0.0006051607901756824
0.0006055218776135359
0.0006058826089254198
0.0006062429838991769
0.0006066030023228599
0.0006069626639847307
0.0006073219686732614
0.0006076809161771338
0.0006080395062852399
0.0006083977387866818
0.0006087556134707722
0.0006091131301270339
0.0006094702885452004
0.000609827088515216
0.0006101835298272354
0.0006105396122716249
0.0006108953356389613
0.0006112506997200329
0.0006116057043058391
0.0006119603491875908
0.0006123146341567106
0.0006126685590048325
0.0006130221235238027
0.0006133753275056789
0.0006137281707427309
0.0006140806530274411
0.0006144327741525036
0.0006147845339108254
0.0006151359320955254
0.000615486968499936
0.0006158376429176018
0.0006161879551422802
0.0006165379049679423
0.0006168874921887715
0.0006172367165991649
0.0006175855779937331
0.0006179340761672999
0.0006182822109149029
0.0006186299820317933
0.0006189773893134362
0.0006193244325555111
0.0006196711115539109
0.0006200174261047431
0.0006203633760043295
0.0006207089610492064
0.0006210541810361246
0.0006213990357620498
0.0006217435250241622
0.0006220876486198572
0.0006224314063467452
0.0006227747980026516
0.0006231178233856173
0.0006234604822938987
0.0006238027745259675
0.000624144699880511
0.0006244862581564327
0.0006248274491528516
0.0006251682726691027
0.0006255087285047375
0.0006258488164595232
0.0006261885363334438
0.0006265278879266997
0.0006268668710397076
0.0006272054854731014
0.0006275437310277315
0.0006278816075046653
0.0006282191147051874
0.0006285562524307992
0.00062889302048322
0.0006292294186643858
0.0006295654467764509
0.0006299011046217867
0.0006302363920029826
0.0006305713087228458
0.0006309058545844014
0.0006312400293908929
0.0006315738329457817
0.0006319072650527479
0.0006322403255156896
0.000632573014138724
0.0006329053307261865
0.0006332372750826317
0.0006335688470128329
0.0006339000463217825
0.000634230872814692
0.0006345613262969922
0.0006348914065743333
0.000635221113452585
0.0006355504467378365
0.000635879406236397
0.0006362079917547952
0.0006365362030997798
0.0006368640400783198
0.0006371915024976041
0.0006375185901650422
0.0006378453028882635
0.0006381716404751187
0.0006384976027336783
0.0006388231894722341
0.0006391484004992984
0.0006394732356236047
0.0006397976946541076
0.0006401217773999827
0.0006404454836706271
0.0006407688132756591
0.0006410917660249186
0.0006414143417284674
0.0006417365401965889
0.0006420583612397879
0.0006423798046687921
0.0006427008702945503
0.0006430215579282344
0.0006433418673812377
0.0006436617984651769
0.0006439813509918903
0.0006443005247734396
0.0006446193196221086
0.0006449377353504046
0.0006452557717710573
0.0006455734286970199
0.0006458907059414685
0.0006462076033178027
0.0006465241206396455
0.0006468402577208433
0.0006471560143754663
0.000647471390417808
0.0006477863856623866
0.0006481009999239433
0.0006484152330174441
0.0006487290847580786
0.0006490425549612612
0.0006493556434426306
0.0006496683500180496
0.0006499806745036059
0.0006502926167156121
0.0006506041764706051
0.0006509153535853473
0.000651226147876826
0.0006515365591622534
0.0006518465872590671
0.0006521562319849301
0.0006524654931577309
0.0006527743705955834
0.0006530828641168274
0.0006533909735400284
0.0006536986986839779
0.0006540060393676931
0.0006543129954104179
0.0006546195666316216
0.0006549257528510006
0.0006552315538884771
0.0006555369695642005
0.0006558419996985462
0.0006561466441121167
0.0006564509026257413
0.0006567547750604764
0.0006570582612376052
0.000657361360978638
0.0006576640741053128
0.0006579664004395946
0.0006582683398036761
0.0006585698920199774
0.0006588710569111466
0.0006591718343000592
0.0006594722240098189
0.0006597722258637573
0.000660071839685434
0.0006603710652986371
0.0006606699025273828
0.0006609683511959157
0.0006612664111287091
0.0006615640821504648
0.0006618613640861133
0.0006621582567608139
0.000662454759999955
0.0006627508736291541
0.0006630465974742576
0.0006633419313613412
0.00066363687511671
0.0006639314285668985
0.0006642255915386709
0.000664519363859021
0.0006648127453551721
0.0006651057358545776
0.000665398335184921
0.0006656905431741154
0.0006659823596503044
0.0006662737844418621
0.0006665648173773921
0.0006668554582857295
0.0006671457069959391
0.0006674355633373172
0.0006677250271393898
0.0006680140982319149
0.0006683027764448806
0.0006685910616085067
0.0006688789535532435
0.0006691664521097734
0.0006694535571090091
0.0006697402683820958
0.0006700265857604097
0.0006703125090755586
0.0006705980381593825
0.0006708831728439529
0.0006711679129615733
0.0006714522583447794
0.0006717362088263389
0.0006720197642392518
0.0006723029244167506
0.0006725856891922999
0.0006728680583995973
0.0006731500318725727
0.000673431609445389
0.0006737127909524416
0.0006739935762283591
0.0006742739651080032
0.0006745539574264684
0.0006748335530190829
0.0006751127517214076
0.0006753915533692376
0.0006756699577986009
0.0006759479648457592
0.0006762255743472082
0.0006765027861396773
0.0006767796000601297
0.0006770560159457627
0.0006773320336340074
0.0006776076529625297
0.0006778828737692291
0.0006781576958922399
0.000678432119169931
0.0006787061434409053
0.0006789797685440011
0.0006792529943182909
0.0006795258206030823
0.0006797982472379177
0.0006800702740625748
0.0006803419009170663
0.0006806131276416399
0.000680883954076779
0.0006811543800632023
0.000681424405441864
0.0006816940300539539
0.0006819632537408975
0.0006822320763443559
0.0006825004977062266
0.0006827685176686426
0.0006830361360739731
0.0006833033527648235
0.0006835701675840359
0.0006838365803746877
0.0006841025909800938
0.0006843681992438051
0.0006846334050096092
0.0006848982081215305
0.0006851626084238301
0.0006854266057610064
0.000685690199977794
0.0006859533909191653
0.0006862161784303298
0.0006864785623567337
0.0006867405425440614
0.000687002118838234
0.0006872632910854108
0.0006875240591319881
0.0006877844228246005
0.0006880443820101197
0.0006883039365356562
0.0006885630862485577
0.0006888218309964106
0.0006890801706270389
0.0006893381049885054
0.0006895956339291108
0.0006898527572973946
0.0006901094749421345
0.0006903657867123472
0.0006906216924572876
0.00069087719202645
0.000691132285269567
0.0006913869720366108
0.000691641252177792
0.0006918951255435606
0.0006921485919846062
0.0006924016513518572
0.0006926543034964819
0.0006929065482698873
0.0006931583855237212
0.0006934098151098698
0.0006936608368804599
0.0006939114506878581
0.0006941616563846703
0.0006944114538237432
0.0006946608428581633
0.0006949098233412571
0.0006951583951265916
0.000695406558067974
0.0006956543120194524
0.0006959016568353148
0.0006961485923700902
0.0006963951184785484
0.0006966412350156995
0.0006968869418367952
0.0006971322387973275
0.0006973771257530301
0.000697621602559877
0.0006978656690740843
0.0006981093251521088
0.0006983525706506491
0.0006985954054266447
0.0006988378293372775
0.0006990798422399701
0.0006993214439923876
0.0006995626344524366
0.0006998034134782654
0.0007000437809282647
0.0007002837366610668
0.0007005232805355466
0.000700762412410821
0.000701001132146249
0.0007012394396014325
0.0007014773346362154
0.0007017148171106843
0.0007019518868851686
0.0007021885438202403
0.0007024247877767141
0.0007026606186156478
0.000702896036198342
0.0007031310403863404
0.0007033656310414299
0.0007035998080256404
0.0007038335712012455
0.0007040669204307617
0.0007042998555769494
0.0007045323765028117
0.0007047644830715967
0.0007049961751467949
0.0007052274525921414
0.0007054583152716146
0.0007056887630494372
0.0007059187957900758
0.0007061484133582411
0.0007063776156188879
0.0007066064024372155
0.0007068347736786672
0.0007070627292089309
0.000707290268893939
0.0007075173925998684
0.0007077441001931408
0.0007079703915404224
0.0007081962665086244
0.0007084217249649027
0.0007086467667766583
0.0007088713918115375
0.000709095599937431
0.0007093193910224753
0.0007095427649350521
0.0007097657215437883
0.0007099882607175563
0.000710210382325474
0.0007104320862369048
0.0007106533723214579
0.0007108742404489882
0.0007110946904895962
0.0007113147223136288
0.0007115343357916783
0.0007117535307945834
0.0007119723071934286
0.0007121906648595451
0.0007124086036645099
0.0007126261234801464
0.0007128432241785247
0.0007130599056319613
0.000713276167713019
0.0007134920102945075
0.0007137074332494833
0.0007139224364512493
0.0007141370197733558
0.0007143511830895997
0.0007145649262740248
0.0007147782492009225
0.0007149911517448306
0.0007152036337805351
0.0007154156951830686
0.0007156273358277111
0.0007158385555899905
0.0007160493543456818
0.0007162597319708081
0.0007164696883416396
0.0007166792233346946
0.0007168883368267391
0.0007170970286947871
0.0007173052988161005
0.0007175131470681894
0.0007177205733288115
0.0007179275774759735
0.0007181341593879297
0.0007183403189431829
0.0007185460560204845
0.0007187513704988342
0.00071895626225748
0.0007191607311759191
0.0007193647771338969
0.0007195684000114079
0.0007197715996886951
0.0007199743760462505
0.0007201767289648151
0.0007203786583253791
0.0007205801640091817
0.0007207812458977109
0.0007209819038727045
0.0007211821378161496
0.000721381947610282
0.000721581333137588
0.0007217802942808024
0.0007219788309229101
0.0007221769429471459
0.0007223746302369938
0.0007225718926761881
0.0007227687301487124
0.0007229651425388008
0.000723161129730937
0.000723356691609855
0.0007235518280605389
0.0007237465389682229
0.0007239408242183915
0.0007241346836967797
0.0007243281172893728
0.0007245211248824066
0.0007247137063623674
0.0007249058616159919
0.0007250975905302681
0.0007252888929924341
0.000725479768889979
0.000725670218110643
0.0007258602405424171
0.0007260498360735432
0.0007262390045925143
0.0007264277459880749
0.00072661606014922
0.0007268039469651965
0.0007269914063255023
0.000727178438119887
0.0007273650422383511
0.0007275512185711474
0.0007277369670087797
0.0007279222874420036
0.0007281071797618267
0.0007282916438595079
0.0007284756796265584
0.000728659286954741
0.0007288424657360707
0.0007290252158628144
0.000729207537227491
0.0007293894297228721
0.0007295708932419808
0.0007297519276780931
0.0007299325329247368
0.0007301127088756927
0.0007302924554249937
0.0007304717724669253
0.0007306506598960257
0.0007308291176070857
0.0007310071454951489
0.0007311847434555115
0.000731361911383723
0.0007315386491755852
0.0007317149567271533
0.0007318908339347355
0.0007320662806948929
0.0007322412969044401
0.0007324158824604444
0.0007325900372602269
0.0007327637612013618
0.0007329370541816766
0.0007331099160992525
0.0007332823468524241
0.0007334543463397797
0.0007336259144601608
0.0007337970511126632
0.0007339677561966364
0.0007341380296116829
0.0007343078712576603
0.000734477281034679
0.0007346462588431043
0.0007348148045835551
0.0007349829181569044
0.0007351505994642795
0.0007353178484070619
0.0007354846648868872
0.0007356510488056459
0.0007358170000654821
0.000735982518568795
0.0007361476042182381
0.0007363122569167193
0.0007364764765674017
0.0007366402630737023
0.0007368036163392934
0.0007369665362681017
0.0007371290227643093
0.0007372910757323529
0.0007374526950769242
0.0007376138807029696
0.0007377746325156911
0.0007379349504205458
0.0007380948343232456
0.000738254284129758
0.0007384132997463055
0.0007385718810793662
0.0007387300280356738
0.000738887740522217
0.0007390450184462403
0.0007392018617152439
0.0007393582702369831
0.0007395142439194696
0.0007396697826709704
0.0007398248864000082
0.0007399795550153622
0.0007401337884260665
0.0007402875865414119
0.0007404409492709453
0.000740593876524469
0.000740746368212042
0.0007408984242439793
0.0007410500445308519
0.0007412012289834875
0.0007413519775129696
0.0007415022900306387
0.0007416521664480911
0.0007418016066771801
0.0007419506106300153
0.0007420991782189626
0.0007422473093566454
0.0007423950039559429
0.0007425422619299912
0.0007426890831921839
0.0007428354676561704
0.0007429814152358578
0.0007431269258454098
0.0007432719993992472
0.0007434166358120475
0.0007435608349987461
0.0007437045968745346
0.0007438479213548625
0.0007439908083554361
0.0007441332577922192
0.0007442752695814332
0.0007444168436395563
0.0007445579798833245
0.0007446986782297313
0.0007448389385960277
0.0007449787608997224
0.0007451181450585814
0.0007452570909906288
0.000745395598614146
0.0007455336678476727
0.000745671298610006
0.0007458084908202009
0.0007459452443975708
0.0007460815592616865
0.0007462174353323771
0.0007463528725297297
0.0007464878707740895
0.00074662242998606
0.0007467565500865027
0.0007468902309965375
0.0007470234726375426
0.0007471562749311545
0.0007472886377992681
0.0007474205611640364
0.000747552044947872
0.0007476830890734445
0.0007478136934636833
0.0007479438580417758
0.0007480735827311681
0.0007482028674555654
0.0007483317121389311
0.000748460116705488
0.0007485880810797171
0.000748715605186359
0.0007488426889504126
0.000748969332297136
0.0007490955351520466
0.0007492212974409206
0.0007493466190897931
0.0007494715000249589
0.0007495959401729714
0.0007497199394606439
0.0007498434978150483
0.0007499666151635163
0.0007500892914336388
0.0007502115265532661
0.0007503333204505079
0.0007504546730537336
0.000750575584291572
0.0007506960540929116
0.0007508160823869001
0.0007509356691029455
0.000751054814170715
0.0007511735175201358
0.0007512917790813948
0.0007514095987849388
0.0007515269765614745
0.0007516439123419681
0.0007517604060576465
0.0007518764576399958
0.0007519920670207629
0.0007521072341319542
0.0007522219589058362
0.000752336241274936
0.0007524500811720407
0.0007525634785301973
0.0007526764332827134
0.000752788945363157
0.0007529010147053562
0.0007530126412433995
0.0007531238249116361
0.0007532345656446754
0.0007533448633773873
0.0007534547180449025
0.0007535641295826118
0.0007536730979261673
0.0007537816230114812
0.0007538897047747265
0.000753997343152337
0.0007541045380810075
0.0007542112894976933
0.0007543175973396104
0.0007544234615442359
0.0007545288820493083
0.000754633858792826
0.0007547383917130492
0.0007548424807484988
0.0007549461258379572
0.0007550493269204671
0.0007551520839353331
0.0007552543968221203
0.0007553562655206557
0.0007554576899710271
0.0007555586701135835
0.0007556592058889355
0.0007557592972379551
0.0007558589441017752
0.0007559581464217907
0.0007560569041396577
0.0007561552171972934
0.0007562530855368772
0.0007563505091008494
0.0007564474878319129
0.0007565440216730307
0.0007566401105674289
0.0007567357544585944
0.000756830953290276
0.0007569257070064847
0.0007570200155514926
0.0007571138788698342
0.0007572072969063054
0.0007573002696059644
0.000757392796914131
0.0007574848787763869
0.0007575765151385762
0.0007576677059468045
0.00075775845114744
0.0007578487506871125
0.000757938604512714
0.0007580280125713987
0.0007581169748105832
0.0007582054911779459
0.0007582935616214275
0.0007583811860892314
0.0007584683645298228
0.0007585550968919292
0.0007586413831245411
0.0007587272231769104
0.0007588126169985522
0.0007588975645392439
0.000758982065749025
0.000759066120578198
0.0007591497289773272
0.0007592328908972406
0.0007593156062890276
0.0007593978751040411
0.000759479697293896
0.0007595610728104705
0.0007596420016059047
0.0007597224836326022
0.0007598025188432291
0.0007598821071907143
0.0007599612486282491
0.0007600399431092882
0.0007601181905875489
0.0007601959910170117
0.0007602733443519195
0.0007603502505467786
0.000760426709556358
0.0007605027213356898
0.0007605782858400694
0.0007606534030250546
0.0007607280728464671
0.0007608022952603909
0.0007608760702231739
0.0007609493976914264
0.0007610222776220226
0.0007610947099720993
0.000761166694699057
0.0007612382317605593
0.0007613093211145328
0.0007613799627191681
0.0007614501565329185
0.0007615199025145007
0.0007615892006228951
0.0007616580508173453
0.0007617264530573585
0.0007617944073027053
0.0007618619135134195
0.0007619289716497986
0.000761995581672404
0.0007620617435420601
0.0007621274572198551
0.0007621927226671406
0.0007622575398455323
0.000762321908716909
0.0007623858292434135
0.0007624493013874521
0.000762512325111695
0.000762574900379076
0.0007626370271527925
0.000762698705396306
0.0007627599350733415
0.0007628207161478883
0.0007628810485841988
0.0007629409323467898
0.0007630003674004418
0.0007630593537101992
0.0007631178912413704
0.0007631759799595276
0.0007632336198305071
0.0007632908108204093
0.0007633475528955981
0.000763403846022702
0.0007634596901686132
0.0007635150853004878
0.0007635700313857466
0.000763624528392074
0.0007636785762874187
0.0007637321750399934
0.000763785324618275
0.0007638380249910046
0.0007638902761271876
0.0007639420779960933
0.0007639934305672558
0.0007640443338104727
0.0007640947876958065
0.0007641447921935834
0.0007641943472743946
0.000764243452909095
0.0007642921090688043
0.0007643403157249061
0.0007643880728490487
0.0007644353804131446
0.0007644822383893708
0.0007645286467501687
0.0007645746054682441
0.0007646201145165675
0.0007646651738683731
0.0007647097834971606
0.0007647539433766936
0.0007647976534810002
0.0007648409137843732
0.0007648837242613698
0.0007649260848868121
0.0007649679956357864
0.0007650094564836436
0.0007650504674059995
0.000765091028378734
0.0007651311393779923
0.0007651708003801837
0.0007652100113619824
0.0007652487723003272
0.0007652870831724216
0.0007653249439557339
0.0007653623546279968
0.0007653993151672081
0.0007654358255516303
0.0007654718857597902
0.00076550749577048
0.0007655426555627561
0.00076557736511594
0.0007656116244096181
0.0007656454334236414
0.0007656787921381258
0.0007657117005334519
0.0007657441585902654
0.0007657761662894765
0.0007658077236122609
0.0007658388305400584
0.000765869487054574
0.0007658996931377782
0.0007659294487719054
0.0007659587539394555
0.0007659876086231931
0.0007660160128061483
0.0007660439664716154
0.0007660714696031539
0.0007660985221845887
0.0007661251242000091
0.0007661512756337697
0.0007661769764704901
0.0007662022266950547
0.0007662270262926133
0.0007662513752485805
0.0007662752735486355
0.0007662987211787234
0.000766321718125054
0.0007663442643741016
0.0007663663599126065
0.0007663880047275735
0.0007664091988062727
0.000766429942136239
0.0007664502347052727
0.0007664700765014393
0.000766489467513069
0.0007665084077287576
0.0007665268971373655
0.0007665449357280187
0.0007665625234901081
0.0007665796604132897
0.0007665963464874848
0.00076661258170288
0.0007666283660499266
0.0007666436995193415
0.0007666585821021067
0.000766673013789469
0.0007666869945729409
0.0007667005244442999
0.0007667136033955885
0.0007667262314191148
0.0007667384085074517
0.0007667501346534374
0.0007667614098501757
0.0007667722340910349
0.0007667826073696493
0.000766792529679918
0.0007668020010160052
0.0007668110213723406
0.0007668195907436191
0.0007668277091248006
0.0007668353765111108
0.0007668425928980401
0.0007668493582813442
0.0007668556726570442
0.0007668615360214267
0.0007668669483710428
0.0007668719097027096
0.0007668764200135094
0.000766880479300789
0.0007668840875621616
0.0007668872447955048
0.0007668899509989617
0.0007668922061709407
0.0007668940103101155
0.0007668953634154251
0.0007668962654860736
0.0007668967165215304
0.0007668967165215304
0.0007668962654860736
0.0007668953634154251
0.0007668940103101155
0.0007668922061709407
0.0007668899509989617
0.0007668872447955048
0.0007668840875621616
0.000766880479300789
0.0007668764200135094
0.0007668719097027096
0.0007668669483710428
0.0007668615360214267
0.0007668556726570442
0.0007668493582813442
0.0007668425928980401
0.0007668353765111108
0.0007668277091248006
0.0007668195907436191
0.0007668110213723406
0.0007668020010160052
0.000766792529679918
0.0007667826073696493
0.0007667722340910349
0.0007667614098501757
0.0007667501346534374
0.0007667384085074517
0.0007667262314191148
0.0007667136033955885
0.0007667005244442999
0.0007666869945729409
0.000766673013789469
0.0007666585821021067
0.0007666436995193415
0.0007666283660499266
0.00076661258170288
0.0007665963464874848
0.0007665796604132897
0.0007665625234901081
0.0007665449357280187
0.0007665268971373655
0.0007665084077287576
0.000766489467513069
0.0007664700765014393
0.0007664502347052727
0.000766429942136239
0.0007664091988062727
0.0007663880047275735
0.0007663663599126065
0.0007663442643741016
0.000766321718125054
0.0007662987211787234
0.0007662752735486355
0.0007662513752485805
0.0007662270262926133
0.0007662022266950547
0.0007661769764704901
0.0007661512756337697
0.0007661251242000091
0.0007660985221845887
0.0007660714696031539
0.0007660439664716154
0.0007660160128061483
0.0007659876086231931
0.0007659587539394555
0.0007659294487719054
0.0007658996931377782
0.000765869487054574
0.0007658388305400584
0.0007658077236122609
0.0007657761662894765
0.0007657441585902654
0.0007657117005334519
0.0007656787921381258
0.0007656454334236414
0.0007656116244096181
0.00076557736511594
0.0007655426555627561
0.00076550749577048
0.0007654718857597902
0.0007654358255516303
0.0007653993151672081
0.0007653623546279968
0.0007653249439557339
0.0007652870831724216
0.0007652487723003272
0.0007652100113619824
0.0007651708003801837
0.0007651311393779923
0.000765091028378734
0.0007650504674059995
0.0007650094564836436
0.0007649679956357864
0.0007649260848868121
0.0007648837242613698
0.0007648409137843732
0.0007647976534810002
0.0007647539433766936
0.0007647097834971606
0.0007646651738683731
0.0007646201145165675
0.0007645746054682441
0.0007645286467501687
0.0007644822383893708
0.0007644353804131446
0.0007643880728490487
0.0007643403157249061
0.0007642921090688043
0.000764243452909095
0.0007641943472743946
0.0007641447921935834
0.0007640947876958065
0.0007640443338104727
0.0007639934305672558
0.0007639420779960933
0.0007638902761271876
0.0007638380249910046
0.000763785324618275
0.0007637321750399934
0.0007636785762874187
0.000763624528392074
0.0007635700313857466
0.0007635150853004878
0.0007634596901686132
0.000763403846022702
0.0007633475528955981
0.0007632908108204093
0.0007632336198305071
0.0007631759799595276
0.0007631178912413704
0.0007630593537101992
0.0007630003674004418
0.0007629409323467898
0.0007628810485841988
0.0007628207161478883
0.0007627599350733415
0.000762698705396306
0.0007626370271527925
0.000762574900379076
0.000762512325111695
0.0007624493013874521
0.0007623858292434135
0.000762321908716909
0.0007622575398455323
0.0007621927226671406
0.0007621274572198551
0.0007620617435420601
0.000761995581672404
0.0007619289716497986
0.0007618619135134195
0.0007617944073027053
0.0007617264530573585
0.0007616580508173453
0.0007615892006228951
0.0007615199025145007
0.0007614501565329185
0.0007613799627191681
0.0007613093211145328
0.0007612382317605593
0.000761166694699057
0.0007610947099720993
0.0007610222776220226
0.0007609493976914264
0.0007608760702231739
0.0007608022952603909
0.0007607280728464671
0.0007606534030250546
0.0007605782858400694
0.0007605027213356898
0.000760426709556358
0.0007603502505467786
0.0007602733443519195
0.0007601959910170117
0.0007601181905875489
0.0007600399431092882
0.0007599612486282491
0.0007598821071907143
0.0007598025188432291
0.0007597224836326022
0.0007596420016059047
0.0007595610728104705
0.000759479697293896
0.0007593978751040411
0.0007593156062890276
0.0007592328908972406
0.0007591497289773272
0.000759066120578198
0.000758982065749025
0.0007588975645392439
0.0007588126169985522
0.0007587272231769104
0.0007586413831245411
0.0007585550968919292
0.0007584683645298228
0.0007583811860892314
0.0007582935616214275
0.0007582054911779459
0.0007581169748105832
0.0007580280125713987
0.000757938604512714
0.0007578487506871125
0.00075775845114744
0.0007576677059468045
0.0007575765151385762
0.0007574848787763869
0.000757392796914131
0.0007573002696059644
0.0007572072969063054
0.0007571138788698342
0.0007570200155514926
0.0007569257070064847
0.000756830953290276
0.0007567357544585944
0.0007566401105674289
0.0007565440216730307
0.0007564474878319129
0.0007563505091008494
0.0007562530855368772
0.0007561552171972934
0.0007560569041396577
0.0007559581464217907
0.0007558589441017752
0.0007557592972379551
0.0007556592058889355
0.0007555586701135835
0.0007554576899710271
0.0007553562655206557
0.0007552543968221203
0.0007551520839353331
0.0007550493269204671
0.0007549461258379572
0.0007548424807484988
0.0007547383917130492
0.000754633858792826
0.0007545288820493083
0.0007544234615442359
0.0007543175973396104
0.0007542112894976933
0.0007541045380810075
0.000753997343152337
0.0007538897047747265
0.0007537816230114812
0.0007536730979261673
0.0007535641295826118
0.0007534547180449025
0.0007533448633773873
0.0007532345656446754
0.0007531238249116361
0.0007530126412433995
0.0007529010147053562
0.000752788945363157
0.0007526764332827134
0.0007525634785301973
0.0007524500811720407
0.000752336241274936
0.0007522219589058362
0.0007521072341319542
0.0007519920670207629
0.0007518764576399958
0.0007517604060576465
0.0007516439123419681
0.0007515269765614745
0.0007514095987849388
0.0007512917790813948
0.0007511735175201358
0.000751054814170715
0.0007509356691029455
0.0007508160823869001
0.0007506960540929116
0.000750575584291572
0.0007504546730537336
0.0007503333204505079
0.0007502115265532661
0.0007500892914336388
0.0007499666151635163
0.0007498434978150483
0.0007497199394606439
0.0007495959401729714
0.0007494715000249589
0.0007493466190897931
0.0007492212974409206
0.0007490955351520466
0.000748969332297136
0.0007488426889504126
0.000748715605186359
0.0007485880810797171
0.000748460116705488
0.0007483317121389311
0.0007482028674555654
0.0007480735827311681
0.0007479438580417758
0.0007478136934636833
0.0007476830890734445
0.000747552044947872
0.0007474205611640364
0.0007472886377992681
0.0007471562749311545
0.0007470234726375426
0.0007468902309965375
0.0007467565500865027
0.00074662242998606
0.0007464878707740895
0.0007463528725297297
0.0007462174353323771
0.0007460815592616865
0.0007459452443975708
0.0007458084908202009
0.000745671298610006
0.0007455336678476727
0.000745395598614146
0.0007452570909906288
0.0007451181450585814
0.0007449787608997224
0.0007448389385960277
0.0007446986782297313
0.0007445579798833245
0.0007444168436395563
0.0007442752695814332
0.0007441332577922192
0.0007439908083554361
0.0007438479213548625
0.0007437045968745346
0.0007435608349987461
0.0007434166358120475
0.0007432719993992472
0.0007431269258454098
0.0007429814152358578
0.0007428354676561704
0.0007426890831921839
0.0007425422619299912
0.0007423950039559429
0.0007422473093566454
0.0007420991782189626
0.0007419506106300153
0.0007418016066771801
0.0007416521664480911
0.0007415022900306387
0.0007413519775129696
0.0007412012289834875
0.0007410500445308519
0.0007408984242439793
0.000740746368212042
0.000740593876524469
0.0007404409492709453
0.0007402875865414119
0.0007401337884260665
0.0007399795550153622
0.0007398248864000082
0.0007396697826709704
0.0007395142439194696
0.0007393582702369831
0.0007392018617152439
0.0007390450184462403
0.000738887740522217
0.0007387300280356738
0.0007385718810793662
0.0007384132997463055
0.000738254284129758
0.0007380948343232456
0.0007379349504205458
0.0007377746325156911
0.0007376138807029696
0.0007374526950769242
0.0007372910757323529
0.0007371290227643093
0.0007369665362681017
0.0007368036163392934
0.0007366402630737023
0.0007364764765674017
0.0007363122569167193
0.0007361476042182381
0.000735982518568795
0.0007358170000654821
0.0007356510488056459
0.0007354846648868872
0.0007353178484070619
0.0007351505994642795
0.0007349829181569044
0.0007348148045835551
0.0007346462588431043
0.000734477281034679
0.0007343078712576603
0.0007341380296116829
0.0007339677561966364
0.0007337970511126632
0.0007336259144601608
0.0007334543463397797
0.0007332823468524241
0.0007331099160992525
0.0007329370541816766
0.0007327637612013618
0.0007325900372602269
0.0007324158824604444
0.0007322412969044401
0.0007320662806948929
0.0007318908339347355
0.0007317149567271533
0.0007315386491755852
0.000731361911383723
0.0007311847434555115
0.0007310071454951489
0.0007308291176070857
0.0007306506598960257
0.0007304717724669253
0.0007302924554249937
0.0007301127088756927
0.0007299325329247368
0.0007297519276780931
0.0007295708932419808
0.0007293894297228721
0.000729207537227491
0.0007290252158628144
0.0007288424657360707
0.000728659286954741
0.0007284756796265584
0.0007282916438595079
0.0007281071797618267
0.0007279222874420036
0.0007277369670087797
0.0007275512185711474
0.0007273650422383511
0.000727178438119887
0.0007269914063255023
0.0007268039469651965
0.00072661606014922
0.0007264277459880749
0.0007262390045925143
0.0007260498360735432
0.0007258602405424171
0.000725670218110643
0.000725479768889979
0.0007252888929924341
0.0007250975905302681
0.0007249058616159919
0.0007247137063623674
0.0007245211248824066
0.0007243281172893728
0.0007241346836967797
0.0007239408242183915
0.0007237465389682229
0.0007235518280605389
0.000723356691609855
0.000723161129730937
0.0007229651425388008
0.0007227687301487124
0.0007225718926761881
0.0007223746302369938
0.0007221769429471459
0.0007219788309229101
0.0007217802942808024
0.000721581333137588
0.000721381947610282
0.0007211821378161496
0.0007209819038727045
0.0007207812458977109
0.0007205801640091817
0.0007203786583253791
0.0007201767289648151
0.0007199743760462505
0.0007197715996886951
0.0007195684000114079
0.0007193647771338969
0.0007191607311759191
0.00071895626225748
0.0007187513704988342
0.0007185460560204845
0.0007183403189431829
0.0007181341593879297
0.0007179275774759735
0.0007177205733288115
0.0007175131470681894
0.0007173052988161005
0.0007170970286947871
0.0007168883368267391
0.0007166792233346946
0.0007164696883416396
0.0007162597319708081
0.0007160493543456818
0.0007158385555899905
0.0007156273358277111
0.0007154156951830686
0.0007152036337805351
0.0007149911517448306
0.0007147782492009225
0.0007145649262740248
0.0007143511830895997
0.0007141370197733558
0.0007139224364512493
0.0007137074332494833
0.0007134920102945075
0.000713276167713019
0.0007130599056319613
0.0007128432241785247
0.0007126261234801464
0.0007124086036645099
0.0007121906648595451
0.0007119723071934286
0.0007117535307945834
0.0007115343357916783
0.0007113147223136288
0.0007110946904895962
0.0007108742404489882
0.0007106533723214579
0.0007104320862369048
0.000710210382325474
0.0007099882607175563
0.0007097657215437883
0.0007095427649350521
0.0007093193910224753
0.000709095599937431
0.0007088713918115375
0.0007086467667766583
0.0007084217249649027
0.0007081962665086244
0.0007079703915404224
0.0007077441001931408
0.0007075173925998684
0.000707290268893939
0.0007070627292089309
0.0007068347736786672
0.0007066064024372155
0.0007063776156188879
0.0007061484133582411
0.0007059187957900758
0.0007056887630494372
0.0007054583152716146
0.0007052274525921414
0.0007049961751467949
0.0007047644830715967
0.0007045323765028117
0.0007042998555769494
0.0007040669204307617
0.0007038335712012455
0.0007035998080256404
0.0007033656310414299
0.0007031310403863404
0.000702896036198342
0.0007026606186156478
0.0007024247877767141
0.0007021885438202403
0.0007019518868851686
0.0007017148171106843
0.0007014773346362154
0.0007012394396014325
0.000701001132146249
0.000700762412410821
0.0007005232805355466
0.0007002837366610668
0.0007000437809282647
0.0006998034134782654
0.0006995626344524366
0.0006993214439923876
0.0006990798422399701
0.0006988378293372775
0.0006985954054266447
0.0006983525706506491
0.0006981093251521088
0.0006978656690740843
0.000697621602559877
0.0006973771257530301
0.0006971322387973275
0.0006968869418367952
0.0006966412350156995
0.0006963951184785484
0.0006961485923700902
0.0006959016568353148
0.0006956543120194524
0.000695406558067974
0.0006951583951265916
0.0006949098233412571
0.0006946608428581633
0.0006944114538237432
0.0006941616563846703
0.0006939114506878581
0.0006936608368804599
0.0006934098151098698
0.0006931583855237212
0.0006929065482698873
0.0006926543034964819
0.0006924016513518572
0.0006921485919846062
0.0006918951255435606
0.000691641252177792
0.0006913869720366108
0.000691132285269567
0.00069087719202645
0.0006906216924572876
0.0006903657867123472
0.0006901094749421345
0.0006898527572973946
0.0006895956339291108
0.0006893381049885054
0.0006890801706270389
0.0006888218309964106
0.0006885630862485577
0.0006883039365356562
0.0006880443820101197
0.0006877844228246005
0.0006875240591319881
0.0006872632910854108
0.000687002118838234
0.0006867405425440614
0.0006864785623567337
0.0006862161784303298
0.0006859533909191653
0.000685690199977794
0.0006854266057610064
0.0006851626084238301
0.0006848982081215305
0.0006846334050096092
0.0006843681992438051
0.0006841025909800938
0.0006838365803746877
0.0006835701675840359
0.0006833033527648235
0.0006830361360739731
0.0006827685176686426
0.0006825004977062266
0.0006822320763443559
0.0006819632537408975
0.0006816940300539539
0.000681424405441864
0.0006811543800632023
0.000680883954076779
0.0006806131276416399
0.0006803419009170663
0.0006800702740625748
0.0006797982472379177
0.0006795258206030823
0.0006792529943182909
0.0006789797685440011
0.0006787061434409053
0.000678432119169931
0.0006781576958922399
0.0006778828737692291
0.0006776076529625297
0.0006773320336340074
0.0006770560159457627
0.0006767796000601297
0.0006765027861396773
0.0006762255743472082
0.0006759479648457592
0.0006756699577986009
0.0006753915533692376
0.0006751127517214076
0.0006748335530190829
0.0006745539574264684
0.0006742739651080032
0.0006739935762283591
0.0006737127909524416
0.000673431609445389
0.0006731500318725727
0.0006728680583995973
0.0006725856891922999
0.0006723029244167506
0.0006720197642392518
0.0006717362088263389
0.0006714522583447794
0.0006711679129615733
0.0006708831728439529
0.0006705980381593825
0.0006703125090755586
0.0006700265857604097
0.0006697402683820958
0.0006694535571090091
0.0006691664521097734
0.0006688789535532435
0.0006685910616085067
0.0006683027764448806
0.0006680140982319149
0.0006677250271393898
0.0006674355633373172
0.0006671457069959391
0.0006668554582857295
0.0006665648173773921
0.0006662737844418621
0.0006659823596503044
0.0006656905431741154
0.000665398335184921
0.0006651057358545776
0.0006648127453551721
0.000664519363859021
0.0006642255915386709
0.0006639314285668985
0.00066363687511671
0.0006633419313613412
0.0006630465974742576
0.0006627508736291541
0.000662454759999955
0.0006621582567608139
0.0006618613640861133
0.0006615640821504648
0.0006612664111287091
0.0006609683511959157
0.0006606699025273828
0.0006603710652986371
0.000660071839685434
0.0006597722258637573
0.0006594722240098189
0.0006591718343000592
0.0006588710569111466
0.0006585698920199774
0.0006582683398036761
0.0006579664004395946
0.0006576640741053128
0.000657361360978638
0.0006570582612376052
0.0006567547750604764
0.0006564509026257413
0.0006561466441121167
0.0006558419996985462
0.0006555369695642005
0.0006552315538884771
0.0006549257528510006
0.0006546195666316216
0.0006543129954104179
0.0006540060393676931
0.0006536986986839779
0.0006533909735400284
0.0006530828641168274
0.0006527743705955834
0.0006524654931577309
0.0006521562319849301
0.0006518465872590671
0.0006515365591622534
0.000651226147876826
0.0006509153535853473
0.0006506041764706051
0.0006502926167156121
0.0006499806745036059
0.0006496683500180496
0.0006493556434426306
0.0006490425549612612
0.0006487290847580786
0.0006484152330174441
0.0006481009999239433
0.0006477863856623866
0.000647471390417808
0.0006471560143754663
0.0006468402577208433
0.0006465241206396455
0.0006462076033178027
0.0006458907059414685
0.0006455734286970199
0.0006452557717710573
0.0006449377353504046
0.0006446193196221086
0.0006443005247734396
0.0006439813509918903
0.0006436617984651769
0.0006433418673812377
0.0006430215579282344
0.0006427008702945503
0.0006423798046687921
0.0006420583612397879
0.0006417365401965889
0.0006414143417284674
0.0006410917660249186
0.0006407688132756591
0.0006404454836706271
0.0006401217773999827
0.0006397976946541076
0.0006394732356236047
0.0006391484004992984
0.0006388231894722341
0.0006384976027336783
0.0006381716404751187
0.0006378453028882635
0.0006375185901650422
0.0006371915024976041
0.0006368640400783198
0.0006365362030997798
0.0006362079917547952
0.000635879406236397
0.0006355504467378365
0.000635221113452585
0.0006348914065743333
0.0006345613262969922
0.000634230872814692
0.0006339000463217825
0.0006335688470128329
0.0006332372750826317
0.0006329053307261865
0.000632573014138724
0.0006322403255156896
0.0006319072650527479
0.0006315738329457817
0.0006312400293908929
0.0006309058545844014
0.0006305713087228458
0.0006302363920029826
0.0006299011046217867
0.0006295654467764509
0.0006292294186643858
0.00062889302048322
0.0006285562524307992
0.0006282191147051874
0.0006278816075046653
0.0006275437310277315
0.0006272054854731014
0.0006268668710397076
0.0006265278879266997
0.0006261885363334438
0.0006258488164595232
0.0006255087285047375
0.0006251682726691027
0.0006248274491528516
0.0006244862581564327
0.000624144699880511
0.0006238027745259675
0.0006234604822938987
0.0006231178233856173
0.0006227747980026516
0.0006224314063467452
0.0006220876486198572
0.0006217435250241622
0.0006213990357620498
0.0006210541810361246
0.0006207089610492064
0.0006203633760043295
0.0006200174261047431
0.0006196711115539109
0.0006193244325555111
0.0006189773893134362
0.0006186299820317933
0.0006182822109149029
0.0006179340761672999
0.0006175855779937331
0.0006172367165991649
0.0006168874921887715
0.0006165379049679423
0.0006161879551422802
0.0006158376429176018
0.000615486968499936
0.0006151359320955254
0.0006147845339108254
0.0006144327741525036
0.0006140806530274411
0.0006137281707427309
0.0006133753275056789
0.0006130221235238027
0.0006126685590048325
0.0006123146341567106
0.0006119603491875908
0.0006116057043058391
0.0006112506997200329
0.0006108953356389613
0.0006105396122716249
0.0006101835298272354
0.000609827088515216
0.0006094702885452004
0.0006091131301270339
0.0006087556134707722
0.0006083977387866818
0.0006080395062852399
0.0006076809161771338
0.0006073219686732614
0.0006069626639847307
0.0006066030023228599
0.0006062429838991769
0.0006058826089254198
0.0006055218776135359
0.0006051607901756824
0.0006047993468242261
0.0006044375477717426
0.0006040753932310172
0.0006037128834150441
0.0006033500185370263
0.0006029867988103758
0.0006026232244487134
0.0006022592956658681
0.0006018950126758776
0.000601530375692988
0.0006011653849316534
0.0006008000406065362
0.0006004343429325064
0.000600068292124642
0.0005997018883982289
0.0005993351319687602
0.0005989680230519366
0.0005986005618636661
0.0005982327486200639
0.0005978645835374522
0.0005974960668323605
0.0005971271987215242
0.0005967579794218864
0.0005963884091505959
0.0005960184881250087
0.0005956482165626864
0.0005952775946813972
0.0005949066226991151
0.0005945353008340201
0.000594163629304498
0.0005937916083291403
0.0005934192381267436
0.0005930465189163107
0.0005926734509170488
0.0005923000343483709
0.0005919262694298945
0.0005915521563814423
0.0005911776954230416
0.0005908028867749245
0.0005904277306575272
0.0005900522272914909
0.0005896763768976602
0.0005893001796970845
0.0005889236359110168
0.0005885467457609141
0.000588169509468437
0.0005877919272554499
0.00058741399934402
0.0005870357259564188
0.0005866571073151202
0.0005862781436428015
0.0005858988351623429
0.0005855191820968272
0.00058513918466954
0.0005847588431039696
0.0005843781576238064
0.0005839971284529432
0.000583615755815475
0.0005832340399356986
0.000582851981038113
0.0005824695793474186
0.0005820868350885175
0.0005817037484865135
0.0005813203197667115
0.0005809365491546177
0.0005805524368759393
0.0005801679831565844
0.0005797831882226622
0.0005793980523004823
0.000579012575616555
0.0005786267583975908
0.0005782406008705009
0.0005778541032623961
0.0005774672658005876
0.0005770800887125865
0.0005766925722261032
0.0005763047165690481
0.0005759165219695313
0.0005755279886558617
0.0005751391168565475
0.0005747499068002964
0.0005743603587160146
0.0005739704728328074
0.0005735802493799784
0.0005731896885870302
0.0005727987906836634
0.0005724075558997773
0.0005720159844654687
0.000571624076611033
0.0005712318325669632
0.00057083925256395
0.0005704463368328816
0.000570053085604844
0.0005696594991111202
0.0005692655775831905
0.0005688713212527322
0.0005684767303516194
0.0005680818051119234
0.0005676865457659115
0.0005672909525460482
0.0005668950256849936
0.0005664987654156047
0.0005661021719709341
0.0005657052455842308
0.0005653079864889391
0.0005649103949186996
0.0005645124711073477
0.0005641142152889148
0.0005637156276976273
0.0005633167085679068
0.0005629174581343698
0.0005625178766318277
0.0005621179642952867
0.0005617177213599476
0.0005613171480612053
0.0005609162446346494
0.0005605150113160634
0.0005601134483414249
0.0005597115559469056
0.0005593093343688704
0.0005589067838438783
0.0005585039046086816
0.000558100696900226
0.0005576971609556501
0.000557293297012286
0.0005568891053076583
0.0005564845860794845
0.0005560797395656749
0.000555674566004332
0.000555269065633751
0.0005548632386924187
0.0005544570854190147
0.00055405060605241
0.0005536438008316678
0.0005532366699960423
0.0005528292137849801
0.0005524214324381184
0.0005520133261952859
0.0005516048952965026
0.0005511961399819791
0.0005507870604921168
0.0005503776570675079
0.0005499679299489353
0.0005495578793773719
0.0005491475055939813
0.0005487368088401163
0.0005483257893573208
0.0005479144473873277
0.0005475027831720598
0.0005470907969536297
0.0005466784889743388
0.0005462658594766782
0.000545852908703328
0.000545439636897157
0.0005450260443012233
0.0005446121311587731
0.0005441978977132416
0.0005437833442082522
0.0005433684708876163
0.0005429532779953336
0.0005425377657755921
0.0005421219344727671
0.0005417057843314217
0.0005412893155963064
0.0005408725285123594
0.0005404554233247061
0.0005400380002786585
0.0005396202596197161
0.000539202201593565
0.0005387838264460778
0.0005383651344233137
0.0005379461257715185
0.000537526800737124
0.000537107159566748
0.0005366872025071944
0.0005362669298054529
0.0005358463417086985
0.000535425438464292
0.0005350042203197797
0.0005345826875228929
0.0005341608403215477
0.0005337386789638456
0.0005333162036980723
0.0005328934147726988
0.0005324703124363802
0.0005320468969379557
0.0005316231685264493
0.0005311991274510683
0.0005307747739612044
0.0005303501083064327
0.0005299251307365125
0.0005294998415013858
0.0005290742408511783
0.0005286483290361987
0.0005282221063069391
0.0005277955729140739
0.0005273687291084604
0.0005269415751411386
0.000526514111263331
0.000526086337726442
0.0005256582547820582
0.0005252298626819487
0.0005248011616780637
0.0005243721520225356
0.0005239428339676779
0.0005235132077659859
0.0005230832736701356
0.000522653031932985
0.000522222482807572
0.0005217916265471158
0.0005213604634050162
0.0005209289936348535
0.0005204972174903883
0.0005200651352255613
0.0005196327470944934
0.0005192000533514853
0.0005187670542510173
0.0005183337500477498
0.0005179001409965218
0.0005174662273523523
0.0005170320093704393
0.0005165974873061596
0.000516162661415069
0.0005157275319529018
0.0005152920991755711
0.0005148563633391682
0.0005144203246999627
0.0005139839835144022
0.0005135473400391126
0.0005131103945308971
0.0005126731472467365
0.0005122355984437899
0.0005117977483793927
0.0005113595973110581
0.0005109211454964761
0.0005104823931935137
0.0005100433406602147
0.000509603988154799
0.0005091643359356637
0.0005087243842613815
0.0005082841333907014
0.0005078435835825485
0.0005074027350960237
0.0005069615881904034
0.0005065201431251398
0.0005060784001598599
0.0005056363595543668
0.0005051940215686376
0.0005047513864628251
0.0005043084544972567
0.000503865225932434
0.0005034217010290334
0.0005029778800479054
0.0005025337632500748
0.0005020893508967403
0.0005016446432492743
0.0005011996405692234
0.0005007543431183067
0.0005003087511584178
0.0004998628649516226
0.0004994166847601608
0.0004989702108464443
0.0004985234434730583
0.0004980763829027603
0.0004976290293984804
0.0004971813832233208
0.000496733444640556
0.0004962852139136323
0.0004958366913061681
0.0004953878770819531
0.000494938771504949
0.0004944893748392882
0.0004940396873492749
0.0004935897092993838
0.000493139440954261
0.0004926888825787232
0.0004922380344377574
0.0004917868967965212
0.0004913354699203426
0.0004908837540747195
0.0004904317495253198
0.0004899794565379814
0.0004895268753787114
0.0004890740063136867
0.0004886208496092536
0.0004881674055319276
0.0004877136743483926
0.0004872596563255022
0.0004868053517302782
0.0004863507608299109
0.0004858958838917593
0.0004854407211833505
0.0004849852729723794
0.0004845295395267093
0.0004840735211143709
0.0004836172180035627
0.0004831606304626504
0.0004827037587601672
0.0004822466031648132
0.0004817891639454558
0.000481331441371129
0.0004808734357110334
0.0004804151472345363
0.0004799565762111709
0.0004794977229106371
0.0004790385876028006
0.0004785791705576928
0.0004781194720455111
0.0004776594923366181
0.0004771992317015422
0.0004767386904109765
0.0004762778687357797
0.0004758167669469751
0.0004753553853157506
0.000474893724113459
0.0004744317836116175
0.0004739695640819073
0.0004735070657961739
0.0004730442890264269
0.0004725812340448391
0.0004721179011237477
0.0004716542905356528
0.0004711904025532181
0.0004707262374492702
0.0004702617954967989
0.0004697970769689569
0.0004693320821390591
0.0004688668112805834
0.0004684012646671698
0.0004679354425726206
0.0004674693452708999
0.0004670029730361338
0.0004665363261426102
0.0004660694048647786
0.0004656022094772494
0.0004651347402547947
0.0004646669974723473
0.0004641989814050013
0.0004637306923280112
0.000463262130516792
0.0004627932962469195
0.0004623241897941294
0.0004618548114343175
0.0004613851614435397
0.0004609152400980116
0.0004604450476741081
0.0004599745844483639
0.0004595038506974729
0.0004590328466982882
0.0004585615727278212
0.000458090029063243
0.0004576182159818828
0.0004571461337612281
0.0004566737826789251
0.000456201163012778
0.0004557282750407487
0.0004552551190409574
0.0004547816952916814
0.0004543080040713558
0.0004538340456585729
0.0004533598203320821
0.00045288532837079
0.0004524105700537598
0.0004519355456602113
0.000451460255469521
0.0004509846997612217
0.0004505088788150021
0.0004500327929107072
0.0004495564423283378
0.00044907982734805
0.0004486029482501559
0.0004481258053151226
0.0004476483988235726
0.0004471707290562832
0.0004466927962941866
0.0004462146008183697
0.0004457361429100739
0.0004452574228506951
0.0004447784409217831
0.0004442991974050419
0.0004438196925823293
0.0004433399267356567
0.0004428599001471891
0.0004423796130992451
0.0004418990658742958
0.0004414182587549662
0.0004409371920240333
0.0004404558659644274
0.000439974280859231
0.0004394924369916792
0.0004390103346451591
0.0004385279741032097
0.0004380453556495222
0.0004375624795679392
0.000437079346142455
0.0004365959556572151
0.0004361123083965164
0.0004356284046448064
0.0004351442446866839
0.0004346598288068982
0.0004341751572903491
0.0004336902304220868
0.0004332050484873116
0.0004327196117713739
0.000432233920559774
0.0004317479751381615
0.000431261775792336
0.0004307753228082463
0.0004302886164719901
0.0004298016570698144
0.0004293144448881151
0.0004288269802134363
0.0004283392633324711
0.0004278512945320608
0.0004273630740991948
0.0004268746023210102
0.0004263858794847926
0.0004258969058779747
0.0004254076817881369
0.0004249182075030068
0.0004244284833104593
0.0004239385094985162
0.000423448286355346
0.0004229578141692642
0.0004224670932287323
0.0004219761238223584
0.0004214849062388966
0.000420993440767247
0.0004205017276964557
0.000420009767315714
0.0004195175599143589
0.0004190251057818727
0.0004185324052078828
0.0004180394584821616
0.0004175462658946258
0.0004170528277353374
0.0004165591442945025
0.0004160652158624714
0.0004155710427297384
0.000415076625186942
0.0004145819635248643
0.000414087058034431
0.0004135919090067111
0.000413096516732917
0.0004126008815044042
0.0004121050036126706
0.0004116088833493574
0.0004111125210062482
0.0004106159168752686
0.0004101190712484872
0.0004096219844181138
0.0004091246566765003
0.0004086270883161406
0.0004081292796296699
0.0004076312309098647
0.0004071329424496426
0.0004066344145420625
0.0004061356474803237
0.0004056366415577667
0.0004051373970678719
0.0004046379143042605
0.0004041381935606933
0.0004036382351310717
0.0004031380393094364
0.000402637606389968
0.0004021369366669864
0.0004016360304349507
0.0004011348879884593
0.0004006335096222495
0.0004001318956311972
0.0003996300463103168
0.0003991279619547615
0.0003986256428598225
0.0003981230893209287
0.0003976203016336476
0.000397117280093684
0.0003966140249968802
0.0003961105366392159
0.0003956068153168082
0.0003951028613259109
0.0003945986749629148
0.0003940942565243473
0.0003935896063068725
0.0003930847246072904
0.0003925796117225376
0.0003920742679496866
0.0003915686935859453
0.0003910628889286574
0.0003905568542753023
0.0003900505899234945
0.0003895440961709837
0.0003890373733156541
0.000388530421655525
0.0003880232414887502
0.0003875158331136181
0.000387008196828551
0.0003865003329321052
0.0003859922417229712
0.000385483923499973
0.000384975378562068
0.0003844666072083472
0.0003839576097380345
0.000383448386450487
0.0003829389376451946
0.0003824292636217795
0.0003819193646799967
0.0003814092411197336
0.0003808988932410091
0.0003803883213439748
0.0003798775257289136
0.0003793665066962399
0.0003788552645464998
0.0003783437995803703
0.0003778321120986598
0.0003773202024023074
0.0003768080707923827
0.0003762957175700861
0.0003757831430367481
0.0003752703474938297
0.0003747573312429216
0.0003742440945857444
0.0003737306378241481
0.0003732169612601126
0.0003727030651957468
0.0003721889499332884
0.0003716746157751048
0.0003711600630236915
0.0003706452919816726
0.0003701303029518009
0.000369615096236957
0.0003690996721401501
0.0003685840309645167
0.0003680681730133211
0.0003675520985899554
0.0003670358079979385
0.0003665193015409169
0.0003660025795226639
0.0003654856422470793
0.0003649684900181902
0.0003644511231401492
0.0003639335419172359
0.0003634157466538555
0.0003628977376545395
0.0003623795152239446
0.0003618610796668535
0.0003613424312881739
0.0003608235703929388
0.0003603044972863063
0.0003597852122735591
0.0003592657156601047
0.0003587460077514749
0.0003582260888533259
0.0003577059592714379
0.0003571856193117151
0.0003566650692801853
0.000356144309483
0.0003556233402264339
0.0003551021618168851
0.0003545807745608745
0.000354059178765046
0.0003535373747361658
0.0003530153627811233
0.0003524931432069294
0.0003519707163207175
0.0003514480824297428
0.0003509252418413825
0.000350402194863135
0.0003498789418026203
0.0003493554829675795
0.0003488318186658749
0.0003483079492054894
0.0003477838748945268
0.0003472595960412112
0.000346735112953887
0.0003462104259410189
0.0003456855353111913
0.0003451604413731085
0.0003446351444355943
0.0003441096448075921
0.000343583942798164
0.0003430580387164918
0.0003425319328718756
0.0003420056255737345
0.0003414791171316058
0.0003409524078551452
0.0003404254980541269
0.0003398983880384423
0.0003393710781181013
0.0003388435686032308
0.0003383158598040753
0.0003377879520309966
0.0003372598455944734
0.0003367315408051013
0.0003362030379735926
0.0003356743374107758
0.0003351454394275961
0.0003346163443351145
0.0003340870524445081
0.0003335575640670698
0.0003330278795142076
0.0003324979990974455
0.0003319679231284223
0.0003314376519188919
0.0003309071857807231
0.0003303765250258993
0.0003298456699665183
0.0003293146209147923
0.0003287833781830474
0.0003282519420837238
0.0003277203129293754
0.0003271884910326695
0.0003266564767063869
0.0003261242702634215
0.0003255918720167803
0.0003250592822795829
0.0003245265013650618
0.0003239935295865616
0.0003234603672575394
0.0003229270146915643
0.0003223934722023174
0.0003218597401035912
0.0003213258187092901
0.0003207917083334295
0.000320257409290136
0.0003197229218936474
0.0003191882464583121
0.0003186533832985889
0.0003181183327290475
0.0003175830950643674
0.0003170476706193382
0.0003165120597088596
0.0003159762626479406
0.0003154402797517
0.0003149041113353657
0.0003143677577142748
0.0003138312192038733
0.000313294496119716
0.000312757588777466
0.0003122204974928951
0.0003116832225818831
0.0003111457643604179
0.0003106081231445952
0.000310070299250618
0.0003095322929947973
0.0003089941046935509
0.0003084557346634039
0.0003079171832209882
0.0003073784506830424
0.0003068395373664116
0.0003063004435880472
0.0003057611696650069
0.0003052217159144541
0.0003046820826536581
0.0003041422701999937
0.0003036022788709412
0.0003030621089840862
0.0003025217608571189
0.0003019812348078347
0.0003014405311541336
0.0003008996502140199
0.0003003585923056023
0.0002998173577470935
0.0002992759468568101
0.0002987343599531725
0.0002981925973547046
0.0002976506593800334
0.0002971085463478894
0.0002965662585771058
0.0002960237963866186
0.0002954811600954666
0.0002949383500227907
0.0002943953664878342
0.0002938522098099423
0.0002933088803085622
0.0002927653783032424
0.0002922217041136333
0.0002916778580594863
0.0002911338404606539
0.0002905896516370894
0.0002900452919088472
0.0002895007615960817
0.000288956061019048
0.0002884111904981011
0.000287866150353696
0.0002873209409063876
0.0002867755624768305
0.000286230015385778
0.0002856842999540833
0.0002851384165026985
0.0002845923653526742
0.0002840461468251599
0.0002834997612414033
0.0002829532089227508
0.0002824064901906462
0.0002818596053666318
0.0002813125547723473
0.0002807653387295298
0.0002802179575600139
0.0002796704115857312
0.0002791227011287102
0.0002785748265110764
0.0002780267880550516
0.0002774785860829538
0.0002769302209171976
0.0002763816928802931
0.0002758330022948469
0.0002752841494835603
0.0002747351347692306
0.0002741859584747503
0.0002736366209231066
0.000273087122437382
0.0002725374633407531
0.0002719876439564914
0.0002714376646079625
0.0002708875256186263
0.0002703372273120362
0.0002697867700118394
0.0002692361540417769
0.0002686853797256828
0.0002681344473874842
0.0002675833573512014
0.0002670321099409474
0.0002664807054809276
0.0002659291442954398
0.0002653774267088742
0.0002648255530457128
0.0002642735236305292
0.000263721338787989
0.0002631689988428489
0.0002626165041199571
0.0002620638549442527
0.0002615110516407654
0.0002609580945346159
0.0002604049839510152
0.0002598517202152645
0.0002592983036527554
0.0002587447345889688
0.0002581910133494758
0.0002576371402599368
0.0002570831156461017
0.0002565289398338091
0.0002559746131489869
0.0002554201359176516
0.0002548655084659082
0.0002543107311199502
0.0002537558042060591
0.0002532007280506043
0.0002526455029800433
0.0002520901293209209
0.0002515346073998693
0.000250978937543608
0.0002504231200789435
0.0002498671553327691
0.0002493110436320646
0.0002487547853038964
0.0002481983806754171
0.0002476418300738652
0.0002470851338265653
0.0002465282922609275
0.0002459713057044472
0.0002454141744847056
0.0002448568989293683
0.0002442994793661862
0.0002437419161229951
0.0002431842095277146
0.0002426263599083494
0.0002420683675929878
0.0002415102329098022
0.0002409519561870487
0.0002403935377530668
0.0002398349779362798
0.0002392762770651936
0.0002387174354683975
0.0002381584534745631
0.0002375993314124451
0.0002370400696108802
0.0002364806683987873
0.0002359211281051676
0.0002353614490591037
0.0002348016315897601
0.0002342416760263825
0.0002336815826982981
0.000233121351934915
0.0002325609840657218
0.0002320004794202881
0.000231439838328264
0.0002308790611193796
0.0002303181481234452
0.0002297570996703508
0.0002291959160900663
0.000228634597712641
0.0002280731448682033
0.0002275115578869609
0.0002269498370992003
0.0002263879828352868
0.0002258259954256639
0.0002252638752008538
0.0002247016224914565
0.0002241392376281502
0.0002235767209416905
0.0002230140727629109
0.0002224512934227218
0.000221888383252111
0.0002213253425821434
0.0002207621717439604
0.00022019887106878
0.0002196354408878965
0.0002190718815326806
0.0002185081933345787
0.0002179443766251132
0.000217380431735882
0.0002168163589985583
0.0002162521587448904
0.0002156878313067021
0.0002151233770158915
0.0002145587962044313
0.000213994089204369
0.0002134292563478261
0.000212864297966998
0.000212299214394154
0.0002117340059616371
0.0002111686730018638
0.0002106032158473236
0.0002100376348305792
0.0002094719302842663
0.0002089061025410928
0.0002083401519338395
0.0002077740787953593
0.000207207883458577
0.0002066415662564897
0.0002060751275221656
0.0002055085675887449
0.0002049418867894388
0.0002043750854575296
0.0002038081639263705
0.0002032411225293855
0.0002026739616000689
0.0002021066814719857
0.0002015392824787704
0.0002009717649541279
0.0002004041292318326
0.0001998363756457285
0.0001992685045297288
0.000198700516217816
0.0001981324110440414
0.000197564189342525
0.0001969958514474554
0.0001964273976930897
0.0001958588284137527
0.0001952901439438377
0.0001947213446178052
0.0001941524307701837
0.0001935834027355687
0.0001930142608486232
0.0001924450054440769
0.0001918756368567264
0.0001913061554214346
0.0001907365614731312
0.0001901668553468118
0.000189597037377538
0.0001890271079004373
0.0001884570672507025
0.0001878869157635922
0.0001873166537744298
0.0001867462816186039
0.0001861757996315678
0.0001856052081488395
0.0001850345075060013
0.0001844636980386997
0.0001838927800826454
0.0001833217539736125
0.0001827506200474391
0.0001821793786400265
0.0001816080300873394
0.0001810365747254053
0.0001804650128903145
0.0001798933449182202
0.0001793215711453378
0.0001787496919079449
0.0001781777075423813
0.0001776056183850485
0.0001770334247724097
0.0001764611270409894
0.0001758887255273735
0.0001753162205682088
0.0001747436125002031
0.0001741709016601247
0.0001735980883848024
0.0001730251730111253
0.0001724521558760423
0.0001718790373165626
0.0001713058176697546
0.0001707324972727463
0.0001701590764627252
0.0001695855555769375
0.0001690119349526884
0.0001684382149273418
0.00016786439583832
0.0001672904780231036
0.0001667164618192313
0.0001661423475642996
0.0001655681355959626
0.0001649938262519321
0.0001644194198699769
0.000163844916787923
0.0001632703173436534
0.0001626956218751074
0.0001621208307202813
0.0001615459442172271
0.0001609709627040534
0.0001603958865189243
0.0001598207160000598
0.0001592454514857353
0.0001586700933142815
0.0001580946418240841
0.0001575190973535837
0.0001569434602412759
0.0001563677308257103
0.000155791909445491
0.0001552159964392763
0.0001546399921457783
0.0001540638969037627
0.0001534877110520488
0.0001529114349295091
0.0001523350688750693
0.0001517586132277079
0.0001511820683264562
0.0001506054345103979
0.0001500287121186689
0.0001494519014904574
0.0001488750029650035
0.0001482980168815988
0.0001477209435795864
0.0001471437833983609
0.0001465665366773679
0.0001459892037561039
0.000145411784974116
0.000144834280671002
0.0001442566911864097
0.0001436790168600373
0.0001431012580316327
0.0001425234150409936
0.0001419454882279673
0.00014136747793245
0.0001407893844943875
0.0001402112082537741
0.0001396329495506531
0.0001390546087251161
0.0001384761861173031
0.000137897682067402
0.0001373190969156489
0.0001367404310023275
0.0001361616846677688
0.0001355828582523514
0.0001350039520965008
0.0001344249665406894
0.0001338459019254364
0.0001332667585913074
0.0001326875368789144
0.0001321082371289154
0.0001315288596820143
0.0001309494048789608
0.00013036987306055
0.0001297902645676223
0.0001292105797410632
0.0001286308189218032
0.0001280509824508173
0.0001274710706691251
0.0001268910839177905
0.0001263110225379216
0.0001257308868706701
0.0001251506772572316
0.0001245703940388452
0.0001239900375567933
0.0001234096081524012
0.0001228291061670373
0.0001222485319421125
0.0001216678858190804
0.0001210871681394368
0.0001205063792447195
0.0001199255194765082
0.0001193445891764244
0.000118763588686131
0.0001181825183473322
0.0001176013785017733
0.0001170201694912403
0.0001164388916575602
0.0001158575453426002
0.0001152761308882679
0.000114694648636511
0.000114113098929317
0.0001135314821087131
0.000112949798516766
0.0001123680484955816
0.000111786232387305
0.00011120435053412
0.0001106224032782491
0.0001100403909619534
0.0001094583139275322
0.0001088761725173228
0.0001082939670737004
0.0001077116979390779
0.0001071293654559055
0.0001065469699666709
0.0001059645118138986
0.0001053819913401503
0.000104799408888024
0.0001042167648001543
0.000103634059419212
0.0001030512930879041
0.0001024684661489733
0.000101885578945198
0.0001013026318193919
0.0001007196251144042
0.000100136559173119
9.955343433845516e-05
9.897025095336635e-05
9.838700936084055e-05
9.780370990390003e-05
9.722035292560108e-05
9.663693876903378e-05
9.605346777732195e-05
9.546994029362267e-05
9.48863566611264e-05
9.43027172230565e-05
9.371902232266926e-05
9.313527230325353e-05
9.255146750813056e-05
9.196760828065388e-05
9.138369496420898e-05
9.079972790221314e-05
9.021570743811533e-05
8.963163391539588e-05
8.90475076775663e-05
8.846332906816917e-05
8.78790984307778e-05
8.729481610899616e-05
8.671048244645857e-05
8.612609778682958e-05
8.55416624738037e-05
8.49571768511053e-05
8.437264126248821e-05
8.37880560517358e-05
8.32034215626605e-05
8.26187381391038e-05
8.203400612493594e-05
8.144922586405573e-05
8.086439770039038e-05
8.027952197789525e-05
7.969459904055368e-05
7.910962923237678e-05
7.852461289740324e-05
7.793955037969908e-05
7.735444202335752e-05
7.676928817249871e-05
7.618408917126957e-05
7.559884536384359e-05
7.501355709442059e-05
7.442822470722652e-05
7.384284854651335e-05
7.32574289565587e-05
7.267196628166582e-05
7.208646086616325e-05
7.150091305440468e-05
7.091532319076872e-05
7.032969161965876e-05
6.974401868550267e-05
6.915830473275266e-05
6.857255010588507e-05
6.798675514940018e-05
6.740092020782196e-05
6.681504562569793e-05
6.62291317475989e-05
6.564317891811878e-05
6.505718748187442e-05
6.447115778350538e-05
6.388509016767369e-05
6.329898497906372e-05
6.271284256238192e-05
6.212666326235664e-05
6.154044742373791e-05
6.095419539129727e-05
6.036790750982757e-05
5.97815841241427e-05
5.919522557907744e-05
5.860883221948729e-05
5.802240439024818e-05
5.743594243625635e-05
5.684944670242813e-05
5.626291753369967e-05
5.567635527502681e-05
5.508976027138486e-05
5.450313286776838e-05
5.391647340919103e-05
5.332978224068527e-05
5.274305970730227e-05
5.215630615411159e-05
5.156952192620111e-05
5.098270736867672e-05
5.039586282666216e-05
4.98089886452988e-05
4.922208516974548e-05
4.863515274517827e-05
4.804819171679026e-05
4.746120242979138e-05
4.687418522940822e-05
4.628714046088376e-05
4.570006846947724e-05
4.511296960046391e-05
4.452584419913485e-05
4.393869261079679e-05
4.335151518077183e-05
4.276431225439734e-05
4.21770841770257e-05
4.158983129402409e-05
4.100255395077434e-05
4.041525249267269e-05
3.982792726512959e-05
3.924057861356954e-05
3.865320688343084e-05
3.806581242016544e-05
3.74783955692387e-05
3.689095667612921e-05
3.630349608632862e-05
3.57160141453414e-05
3.51285111986847e-05
3.454098759188809e-05
3.395344367049345e-05
3.336587978005469e-05
3.277829626613766e-05
3.219069347431988e-05
3.160307175019043e-05
3.101543143934972e-05
3.042777288740935e-05
2.98400964399919e-05
2.925240244273083e-05
2.866469124127028e-05
2.80769631812649e-05
2.748921860837978e-05
2.690145786829025e-05
2.631368130668183e-05
2.572588926925009e-05
2.513808210170058e-05
2.455026014974879e-05
2.396242375912012e-05
2.337457327554991e-05
2.27867090447835e-05
2.219883141257632e-05
2.161094072469413e-05
2.102303732691327e-05
2.043512156502108e-05
1.984719378481643e-05
1.925925433211049e-05
1.867130355272766e-05
1.808334179250689e-05
1.749536939730343e-05
1.690738671299102e-05
1.631939408546494e-05
1.573139186064601e-05
1.514338038448589e-05
1.455536000297432e-05
1.396733106214892e-05
1.337929390810861e-05
1.279124888703236e-05
1.22031963452055e-05
1.161513662905729e-05
1.102707008521541e-05
1.043899706058638e-05
9.850917902476644e-06
9.262832958778807e-06
8.674742578265238e-06
8.086647111063924e-06
7.498546909454115e-06
6.910442329245e-06
6.322333732265028e-06
5.734221491077194e-06
5.14610599843105e-06
4.55798768754072e-06
3.969867079356552e-06
3.381744904857991e-06
2.793622467092977e-06
2.20550292744313e-06
1.617397251702019e-06
1.029366140415133e-06
4.422038513909487e-07
