1.768383366666071e-06
4.116455830582225e-06
6.467995475736767e-06
8.81982189785033e-06
1.117168820564653e-05
1.352354639835725e-05
1.587537968530267e-05
1.822717870739406e-05
2.057893639334066e-05
2.293064651185765e-05
2.528230318262615e-05
2.763390068726504e-05
2.998543338825078e-05
3.233689569113089e-05
3.468828202567952e-05
3.703958683595483e-05
3.939080457479783e-05
4.17419297006627e-05
4.40929566757262e-05
4.644387996472556e-05
4.879469403422588e-05
5.114539335214834e-05
5.349597238746054e-05
5.5846425609971e-05
5.819674749019088e-05
6.054693249924107e-05
6.289697510878944e-05
6.524686979100931e-05
6.759661101855241e-05
6.994619326453222e-05
7.229561100251479e-05
7.464485870651503e-05
7.699393085099685e-05
7.934282191087627e-05
8.169152636152675e-05
8.404003867878625e-05
8.638835333896539e-05
8.873646481885678e-05
9.108436759574496e-05
9.343205614741696e-05
9.577952495217339e-05
9.81267684888398e-05
0.0001004737812367784
0.0001028205576758999
0.0001051670922866757
0.0001075133795501501
0.0001098594139479528
0.0001122051899623111
0.0001145507020760627
0.0001168959447726682
0.0001192409125362237
0.0001215855998514739
0.0001239300012038243
0.0001262741110793542
0.0001286179239648299
0.0001309614343477168
0.0001333046367161929
0.0001356475255591612
0.000137990095366263
0.0001403323406278903
0.000142674255835199
0.000145015835480122
0.0001473570740553814
0.0001496979660545021
0.0001520385059718246
0.0001543786883025175
0.0001567185075425908
0.0001590579581889088
0.0001613970347392027
0.000163735731692084
0.000166074043547057
0.000168411964804532
0.000170749489965838
0.0001730866135332358
0.0001754233300099309
0.0001777596339000862
0.0001800955197088351
0.0001824309819422946
0.0001847660151075779
0.0001871006137128073
0.0001894347722671273
0.0001917684852807175
0.0001941017472648055
0.0001964345527316795
0.0001987668961947017
0.0002010987721683209
0.0002034301751680853
0.0002057610997106557
0.0002080915403138182
0.0002104214914964973
0.0002127509477787681
0.0002150799036818704
0.0002174083537282204
0.0002197362924414244
0.0002220637143462908
0.0002243906139688442
0.0002267169858363372
0.0002290428244772638
0.0002313681244213722
0.0002336928801996773
0.0002360170863444742
0.0002383407373893506
0.0002406638278691997
0.0002429863523202334
0.0002453083052799944
0.00024762968128737
0.0002499504748826043
0.0002522706806073111
0.0002545902930044869
0.0002569093066185239
0.0002592277159952223
0.0002615455156818037
0.0002638627002269234
0.0002661792641806838
0.0002684952020946466
0.0002708105085218461
0.0002731251780168019
0.0002754392051355314
0.0002777525844355629
0.0002800653104759486
0.0002823773778172767
0.000284688781021685
0.0002869995146528734
0.000289309573276116
0.0002916189514582751
0.0002939276437678131
0.0002962356447748055
0.000298542949050954
0.0003008495511695986
0.000303155445705731
0.0003054606272360069
0.0003077650903387592
0.0003100688295940103
0.0003123718395834851
0.0003146741148906238
0.0003169756501005943
0.0003192764398003056
0.0003215764785784196
0.0003238757610253646
0.0003261742817333478
0.0003284720352963679
0.0003307690163102277
0.0003330652193725473
0.0003353606390827764
0.0003376552700422071
0.0003399491068539865
0.0003422421441231295
0.0003445343764565317
0.0003468257984629816
0.0003491164047531738
0.0003514061899397213
0.0003536951486371682
0.0003559832754620026
0.000358270565032669
0.0003605570119695812
0.0003628426108951349
0.00036512735643372
0.0003674112432117337
0.0003696942658575931
0.0003719764190017473
0.0003742576972766909
0.0003765380953169758
0.0003788176077592241
0.0003810962292421414
0.0003833739544065279
0.0003856507778952926
0.0003879266943534648
0.0003902016984282073
0.0003924757847688288
0.0003947489480267962
0.0003970211828557477
0.000399292483911505
0.0004015628458520861
0.0004038322633377175
0.0004061007310308473
0.0004083682435961573
0.0004106347957005758
0.00041290038201329
0.0004151649972057585
0.0004174286359517241
0.000419691292927226
0.0004219529628106127
0.000424213640282554
0.0004264733200260539
0.0004287319967264631
0.0004309896650714915
0.0004332463197512202
0.0004355019554581147
0.0004377565668870372
0.0004400101487352585
0.0004422626957024713
0.0004445142024908021
0.000446764663804824
0.0004490140743515689
0.0004512624288405399
0.0004535097219837242
0.0004557559484956051
0.0004580011030931744
0.0004602451804959453
0.0004624881754259643
0.0004647300826078238
0.0004669708967686746
0.0004692106126382383
0.0004714492249488194
0.0004736867284353181
0.0004759231178352425
0.0004781583878887209
0.0004803925333385142
0.0004826255489300285
0.0004848574294113271
0.0004870881695331428
0.0004893177640488912
0.0004915462077146816
0.0004937734952893302
0.0004959996215343724
0.0004982245812140751
0.0005004483690954484
0.0005026709799482591
0.0005048924085450417
0.0005071126496611117
0.0005093316980745771
0.0005115495485663518
0.0005137661959201661
0.000515981634922581
0.0005181958603629989
0.0005204088670336767
0.0005226206497297375
0.0005248312032491835
0.0005270405223929076
0.0005292486019647061
0.0005314554367712903
0.0005336610216222996
0.0005358653513303129
0.0005380684207108613
0.0005402702245824401
0.000542470757766521
0.0005446700150875643
0.000546867991373031
0.0005490646814533949
0.0005512600801621554
0.0005534541823358486
0.0005556469828140602
0.0005578384764394374
0.0005600286580577011
0.0005622175225176578
0.0005644050646712123
0.0005665912793733787
0.000568776161482294
0.0005709597058592287
0.0005731419073686001
0.0005753227608779836
0.0005775022612581249
0.0005796804033829523
0.0005818571821295889
0.0005840325923783641
0.0005862066290128259
0.0005883792869197534
0.0005905505609891678
0.0005927204461143453
0.000594888937191829
0.0005970560291214405
0.0005992217168062921
0.0006013859951527988
0.0006035488590706906
0.0006057103034730238
0.0006078703232761935
0.0006100289133999454
0.0006121860687673875
0.0006143417843050027
0.0006164960549426599
0.0006186488756136265
0.0006208002412545802
0.0006229501468056207
0.0006250985872102819
0.0006272455574155436
0.0006293910523718433
0.0006315350670330886
0.0006336775963566681
0.0006358186353034643
0.0006379581788378649
0.0006400962219277745
0.000642232759544627
0.0006443677866633969
0.0006465012982626112
0.0006486332893243617
0.000650763754834316
0.00065289268978173
0.0006550200891594593
0.0006571459479639711
0.0006592702611953558
0.0006613930238573393
0.0006635142309572939
0.000665633877506251
0.0006677519585189117
0.0006698684690136596
0.000671983404012572
0.0006740967585414319
0.0006762085276297388
0.0006783187063107219
0.0006804272896213504
0.0006825342726023459
0.0006846396502981941
0.0006867434177571557
0.0006888455700312793
0.0006909461021764117
0.0006930450092522106
0.0006951422863221555
0.0006972379284535597
0.000699331930717582
0.0007014242881892375
0.0007035149959474104
0.0007056040490748646
0.0007076914426582557
0.0007097771717881425
0.0007118612315589983
0.0007139436170692229
0.0007160243234211538
0.0007181033457210777
0.0007201806790792421
0.0007222563186098671
0.0007243302594311562
0.0007264024966653083
0.0007284730254385293
0.0007305418408810428
0.0007326089381271028
0.0007346743123150034
0.0007367379585870922
0.0007387998720897802
0.0007408600479735544
0.0007429184813929876
0.0007449751675067516
0.0007470301014776275
0.0007490832784725175
0.0007511346936624557
0.0007531843422226203
0.0007552322193323444
0.0007572783201751275
0.0007593226399386467
0.0007613651738147679
0.0007634059169995579
0.0007654448646932944
0.0007674820121004785
0.0007695173544298455
0.0007715508868943759
0.0007735826047113068
0.0007756125031021438
0.0007776405772926713
0.0007796668225129636
0.000781691233997398
0.0007837138069846635
0.0007857345367177733
0.0007877534184440766
0.0007897704474152681
0.0007917856188874005
0.0007937989281208951
0.0007958103703805534
0.0007978199409355678
0.0007998276350595323
0.0008018334480304551
0.0008038373751307682
0.0008058394116473389
0.0008078395528714817
0.0008098377940989682
0.0008118341306300387
0.0008138285577694136
0.0008158210708263039
0.0008178116651144223
0.0008198003359519946
0.00082178707866177
0.0008237718885710333
0.0008257547610116145
0.0008277356913199007
0.0008297146748368465
0.0008316917069079858
0.0008336667828834418
0.0008356398981179382
0.0008376110479708106
0.0008395802278060173
0.0008415474329921491
0.0008435126589024421
0.0008454759009147869
0.0008474371544117401
0.0008493964147805354
0.0008513536774130943
0.000853308937706037
0.0008552621910606924
0.0008572134328831108
0.0008591626585840718
0.0008611098635790987
0.0008630550432884664
0.0008649981931372127
0.0008669393085551506
0.0008688783849768778
0.0008708154178417864
0.0008727504025940765
0.0008746833346827643
0.0008766142095616938
0.0008785430226895477
0.0008804697695298576
0.0008823944455510155
0.0008843170462262829
0.0008862375670338031
0.000888156003456611
0.0008900723509826435
0.0008919866051047512
0.0008938987613207075
0.000895808815133221
0.0008977167620499434
0.0008996225975834833
0.0009015263172514144
0.0009034279165762868
0.0009053273910856381
0.0009072247363120025
0.0009091199477929229
0.0009110130210709602
0.0009129039516937044
0.0009147927352137851
0.0009166793671888813
0.0009185638431817329
0.00092044615876015
0.0009223263094970245
0.0009242042909703395
0.0009260800987631796
0.0009279537284637431
0.00092982517566535
0.0009316944359664535
0.0009335615049706505
0.0009354263782866921
0.0009372890515284928
0.000939149520315142
0.0009410077802709138
0.0009428638270252773
0.000944717656212907
0.000946569263473693
0.0009484186444527511
0.0009502657948004336
0.0009521107101723385
0.0009539533862293209
0.0009557938186375023
0.0009576320030682816
0.0009594679351983441
0.0009613016107096731
0.0009631330252895592
0.0009649621746306102
0.000966789054430762
0.000968613660393288
0.0009704359882268101
0.0009722560336453078
0.0009740737923681288
0.0009758892601199991
0.0009777024326310325
0.0009795133056367422
0.0009813218748780482
0.0009831281361012904
0.0009849320850582354
0.0009867337175060895
0.0009885330292075067
0.0009903300159305996
0.000992124673448948
0.0009939169975416118
0.0009957069839931368
0.0009974946285935684
0.0009992799271384594
0.00100106287542888
0.001002843469271429
0.001004621704478242
0.001006397576867002
0.00100817108226095
0.001009942216488892
0.001011710975385214
0.001013477354789886
0.001015241350548475
0.001017002958512156
0.001018762174537718
0.001020518994487577
0.001022273414229782
0.001024025429638029
0.001025775036591671
0.001027522230975722
0.001029267008680871
0.001031009365603492
0.001032749297645653
0.001034486800715123
0.001036221870725385
0.001037954503595645
0.001039684695250841
0.001041412441621651
0.001043137738644506
0.001044860582261597
0.001046580968420885
0.001048298893076111
0.001050014352186806
0.0010517273417183
0.001053437857641728
0.001055145895934049
0.001056851452578043
0.00105855452356233
0.001060255104881376
0.001061953192535502
0.001063648782530894
0.001065341870879612
0.0010670324535996
0.001068720526714697
0.001070406086254641
0.001072089128255084
0.001073769648757598
0.001075447643809688
0.001077123109464795
0.001078796041782311
0.001080466436827587
0.001082134290671941
0.001083799599392666
0.001085462359073043
0.001087122565802347
0.001088780215675859
0.001090435304794873
0.001092087829266704
0.001093737785204702
0.001095385168728254
0.001097029975962802
0.001098672203039843
0.001100311846096945
0.001101948901277753
0.001103583364731998
0.001105215232615506
0.00110684450109021
0.001108471166324155
0.001110095224491508
0.001111716671772569
0.001113335504353778
0.001114951718427726
0.00111656531019316
0.001118176275854996
0.001119784611624328
0.001121390313718432
0.001122993378360782
0.001124593801781052
0.001126191580215129
0.001127786709905122
0.001129379187099368
0.001130969008052445
0.001132556169025174
0.001134140666284638
0.001135722496104179
0.001137301654763417
0.001138878138548253
0.001140451943750879
0.001142023066669785
0.001143591503609774
0.001145157250881963
0.001146720304803795
0.00114828066169905
0.001149838317897848
0.001151393269736663
0.001152945513558329
0.00115449504571205
0.001156041862553407
0.001157585960444365
0.001159127335753288
0.001160665984854942
0.001162201904130502
0.001163735089967566
0.001165265538760163
0.001166793246908754
0.001168318210820251
0.001169840426908016
0.001171359891591878
0.001172876601298134
0.001174390552459561
0.001175901741515426
0.00117741016491149
0.001178915819100019
0.001180418700539793
0.001181918805696113
0.00118341613104081
0.001184910673052252
0.001186402428215355
0.001187891393021587
0.00118937756396898
0.001190860937562138
0.001192341510312243
0.001193819278737066
0.00119529423936097
0.001196766388714926
0.001198235723336515
0.001199702239769938
0.001201165934566026
0.001202626804282242
0.001204084845482698
0.001205540054738157
0.001206992428626043
0.001208441963730446
0.001209888656642137
0.001211332503958568
0.001212773502283885
0.001214211648228937
0.001215646938411276
0.001217079369455177
0.001218508937991635
0.00121993564065838
0.001221359474099881
0.001222780434967356
0.001224198519918778
0.001225613725618886
0.001227026048739188
0.001228435485957976
0.001229842033960325
0.001231245689438108
0.00123264644909
0.001234044309621487
0.001235439267744873
0.00123683132017929
0.001238220463650703
0.001239606694891918
0.001240990010642591
0.001242370407649237
0.001243747882665232
0.001245122432450827
0.001246494053773152
0.001247862743406226
0.001249228498130961
0.001250591314735173
0.001251951190013589
0.001253308120767852
0.001254662103806531
0.00125601313594513
0.00125736121400609
0.001258706334818802
0.001260048495219612
0.001261387692051828
0.001262723922165729
0.001264057182418571
0.001265387469674596
0.001266714780805036
0.001268039112688124
0.001269360462209102
0.001270678826260224
0.001271994201740765
0.001273306585557032
0.001274615974622365
0.001275922365857149
0.001277225756188821
0.001278526142551874
0.001279823521887867
0.00128111789114543
0.001282409247280275
0.0012836975872552
0.001284982908040094
0.001286265206611951
0.001287544479954872
0.001288820725060071
0.001290093938925887
0.001291364118557786
0.001292631260968373
0.001293895363177394
0.001295156422211745
0.001296414435105483
0.001297669398899826
0.001298921310643165
0.001300170167391067
0.001301415966206287
0.001302658704158771
0.001303898378325664
0.001305134985791316
0.00130636852364729
0.001307598988992371
0.001308826378932567
0.001310050690581122
0.001311271921058517
0.001312490067492481
0.001313705127017999
0.001314917096777313
0.001316125973919933
0.001317331755602642
0.001318534438989506
0.001319734021251875
0.001320930499568394
0.001322123871125008
0.001323314133114969
0.001324501282738843
0.001325685317204516
0.0013268662337272
0.001328044029529441
0.001329218701841124
0.001330390247899481
0.001331558664949097
0.001332723950241915
0.001333886101037245
0.001335045114601769
0.001336200988209546
0.001337353719142023
0.001338503304688036
0.001339649742143819
0.001340793028813012
0.001341933162006663
0.001343070139043238
0.001344203957248627
0.001345334613956147
0.001346462106506554
0.001347586432248043
0.001348707588536258
0.001349825572734299
0.001350940382212723
0.001352052014349558
0.001353160466530303
0.001354265736147935
0.001355367820602917
0.001356466717303205
0.00135756242366425
0.001358654937109008
0.001359744255067945
0.00136083037497904
0.001361913294287796
0.001362993010447243
0.001364069520917946
0.001365142823168007
0.001366212914673075
0.00136727979291635
0.001368343455388591
0.001369403899588118
0.001370461123020822
0.001371515123200169
0.001372565897647204
0.00137361344389056
0.001374657759466464
0.001375698841918739
0.001376736688798814
0.001377771297665726
0.001378802666086129
0.001379830791634299
0.001380855671892137
0.001381877304449179
0.001382895686902597
0.001383910816857209
0.001384922691925482
0.001385931309727539
0.001386936667891163
0.001387938764051803
0.001388937595852582
0.001389933160944299
0.001390925456985437
0.001391914481642166
0.001392900232588353
0.001393882707505563
0.001394861904083065
0.001395837820017839
0.001396810453014583
0.001397779800785715
0.001398745861051377
0.001399708631539448
0.00140066810998554
0.001401624294133011
0.001402577181732964
0.001403526770544258
0.001404473058333509
0.001405416042875098
0.001406355721951174
0.00140729209335166
0.00140822515487426
0.001409154904324461
0.001410081339515541
0.001411004458268573
0.001411924258412428
0.001412840737783786
0.001413753894227134
0.001414663725594776
0.001415570229746835
0.001416473404551261
0.001417373247883834
0.001418269757628168
0.00141916293167572
0.001420052767925791
0.001420939264285532
0.001421822418669949
0.00142270222900191
0.001423578693212146
0.001424451809239258
0.001425321575029725
0.0014261879885379
0.001427051047726025
0.00142791075056423
0.001428767095030538
0.001429620079110872
0.001430469700799056
0.001431315958096826
0.001432158849013827
0.001432998371567625
0.001433834523783706
0.001434667303695482
0.0014354967093443
0.00143632273877944
0.001437145390058124
0.001437964661245519
0.001438780550414741
0.001439593055646862
0.001440402175030911
0.001441207906663882
0.001442010248650736
0.001442809199104406
0.001443604756145802
0.001444396917903815
0.001445185682515323
0.001445971048125191
0.001446753012886281
0.001447531574959452
0.001448306732513566
0.001449078483725494
0.001449846826780116
0.001450611759870329
0.001451373281197052
0.001452131388969224
0.001452886081403816
0.001453637356725831
0.001454385213168308
0.001455129648972327
0.001455870662387015
0.001456608251669545
0.001457342415085148
0.001458073150907107
0.001458800457416771
0.001459524332903552
0.001460244775664934
0.001460961784006471
0.001461675356241798
0.00146238549069263
0.001463092185688768
0.0014637954395681
0.001464495250676612
0.001465191617368384
0.001465884538005597
0.001466574010958537
0.001467260034605601
0.001467942607333297
0.001468621727536249
0.0014692973936172
0.001469969603987021
0.001470638357064707
0.001471303651277385
0.001471965485060319
0.001472623856856908
0.001473278765118699
0.001473930208305379
0.001474578184884788
0.00147522269333292
0.001475863732133923
0.001476501299780109
0.00147713539477195
0.001477766015618089
0.001478393160835338
0.001479016828948683
0.001479637018491291
0.001480253728004507
0.001480866956037863
0.001481476701149077
0.001482082961904063
0.001482685736876925
0.001483285024649968
0.001483880823813698
0.001484473132966827
0.001485061950716275
0.001485647275677172
0.001486229106472865
0.001486807441734918
0.001487382280103117
0.001487953620225471
0.001488521460758218
0.001489085800365827
0.001489646637721001
0.001490203971504678
0.001490757800406039
0.001491308123122507
0.001491854938359753
0.001492398244831694
0.001492938041260501
0.001493474326376603
0.001494007098918684
0.001494536357633691
0.001495062101276835
0.001495584328611593
0.001496103038409716
0.001496618229451223
0.001497129900524413
0.001497638050425862
0.001498142677960427
0.001498643781941251
0.001499141361189763
0.001499635414535683
0.001500125940817023
0.001500612938880091
0.001501096407579492
0.001501576345778133
0.001502052752347225
0.001502525626166283
0.001502994966123134
0.001503460771113915
0.001503923040043075
0.001504381771823382
0.001504836965375924
0.001505288619630109
0.001505736733523669
0.001506181306002663
0.001506622336021481
0.001507059822542843
0.001507493764537802
0.00150792416098575
0.001508351010874418
0.001508774313199876
0.001509194066966538
0.001509610271187167
0.001510022924882871
0.001510432027083111
0.001510837576825698
0.001511239573156802
0.001511638015130948
0.00151203290181102
0.001512424232268267
0.001512812005582298
0.001513196220841092
0.001513576877140994
0.001513953973586721
0.00151432750929136
0.001514697483376376
0.001515063894971608
0.001515426743215276
0.001515786027253979
0.0015161417462427
0.001516493899344807
0.001516842485732053
0.001517187504584582
0.001517528955090926
0.001517866836448013
0.001518201147861163
0.001518531888544092
0.001518859057718916
0.001519182654616151
0.001519502678474712
0.00151981912854192
0.001520132004073502
0.00152044130433359
0.001520747028594726
0.001521049176137863
0.001521347746252365
0.001521642738236011
0.001521934151394994
0.001522221985043928
0.00152250623850584
0.001522786911112183
0.001523064002202829
0.001523337511126074
0.001523607437238639
0.001523873779905672
0.001524136538500749
0.001524395712405876
0.001524651301011488
0.001524903303716454
0.001525151719928079
0.001525396549062099
0.001525637790542688
0.00152587544380246
0.001526109508282467
0.0015263399834322
0.001526566868709595
0.001526790163581029
0.001527009867521324
0.001527225980013747
0.001527438500550014
0.001527647428630287
0.001527852763763179
0.001528054505465751
0.001528252653263517
0.001528447206690445
0.001528638165288955
0.001528825528609922
0.001529009296212677
0.001529189467665008
0.001529366042543162
0.001529539020431843
0.001529708400924217
0.001529874183621909
0.001530036368135008
0.001530194954082063
0.001530349941090088
0.001530501328794563
0.001530649116839432
0.001530793304877103
0.001530933892568456
0.001531070879582834
0.001531204265598051
0.001531334050300391
0.001531460233384607
0.001531582814553922
0.001531701793520032
0.001531817170003105
0.00153192894373178
0.001532037114443173
0.001532141681882871
0.001532242645804937
0.001532340005971909
0.001532433762154801
0.001532523914133104
0.001532610461694784
0.001532693404636287
0.001532772742762534
0.001532848475886927
0.001532920603831345
0.001532989126426148
0.001533054043510172
0.001533115354930738
0.001533173060543643
0.001533227160213167
0.001533277653812071
0.001533324541221596
0.001533367822331465
0.001533407497039884
0.001533443565253539
0.0015334760268876
0.001533504881865719
0.00153353013012003
0.001533551771591151
0.001533569806228183
0.001533584233988709
0.001533595054838794
0.001533602268752991
0.00153360587571433
0.00153360587571433
0.001533602268752991
0.001533595054838794
0.001533584233988709
0.001533569806228183
0.001533551771591151
0.00153353013012003
0.001533504881865719
0.0015334760268876
0.001533443565253539
0.001533407497039884
0.001533367822331465
0.001533324541221596
0.001533277653812071
0.001533227160213167
0.001533173060543643
0.001533115354930738
0.001533054043510172
0.001532989126426148
0.001532920603831345
0.001532848475886927
0.001532772742762534
0.001532693404636287
0.001532610461694784
0.001532523914133104
0.001532433762154801
0.001532340005971909
0.001532242645804937
0.001532141681882871
0.001532037114443173
0.00153192894373178
0.001531817170003105
0.001531701793520032
0.001531582814553922
0.001531460233384607
0.001531334050300391
0.001531204265598051
0.001531070879582834
0.001530933892568456
0.001530793304877103
0.001530649116839432
0.001530501328794563
0.001530349941090088
0.001530194954082063
0.001530036368135008
0.001529874183621909
0.001529708400924217
0.001529539020431843
0.001529366042543162
0.001529189467665008
0.001529009296212677
0.001528825528609922
0.001528638165288955
0.001528447206690445
0.001528252653263517
0.001528054505465751
0.001527852763763179
0.001527647428630287
0.001527438500550014
0.001527225980013747
0.001527009867521324
0.001526790163581029
0.001526566868709595
0.0015263399834322
0.001526109508282467
0.00152587544380246
0.001525637790542688
0.001525396549062099
0.001525151719928079
0.001524903303716454
0.001524651301011488
0.001524395712405876
0.001524136538500749
0.001523873779905672
0.001523607437238639
0.001523337511126074
0.001523064002202829
0.001522786911112183
0.00152250623850584
0.001522221985043928
0.001521934151394994
0.001521642738236011
0.001521347746252365
0.001521049176137863
0.001520747028594726
0.00152044130433359
0.001520132004073502
0.00151981912854192
0.001519502678474712
0.001519182654616151
0.001518859057718916
0.001518531888544092
0.001518201147861163
0.001517866836448013
0.001517528955090926
0.001517187504584582
0.001516842485732053
0.001516493899344807
0.0015161417462427
0.001515786027253979
0.001515426743215276
0.001515063894971608
0.001514697483376376
0.00151432750929136
0.001513953973586721
0.001513576877140994
0.001513196220841092
0.001512812005582298
0.001512424232268267
0.00151203290181102
0.001511638015130948
0.001511239573156802
0.001510837576825698
0.001510432027083111
0.001510022924882871
0.001509610271187167
0.001509194066966538
0.001508774313199876
0.001508351010874418
0.00150792416098575
0.001507493764537802
0.001507059822542843
0.001506622336021481
0.001506181306002663
0.001505736733523669
0.001505288619630109
0.001504836965375924
0.001504381771823382
0.001503923040043075
0.001503460771113915
0.001502994966123134
0.001502525626166283
0.001502052752347225
0.001501576345778133
0.001501096407579492
0.001500612938880091
0.001500125940817023
0.001499635414535683
0.001499141361189763
0.001498643781941251
0.001498142677960427
0.001497638050425862
0.001497129900524413
0.001496618229451223
0.001496103038409716
0.001495584328611593
0.001495062101276835
0.001494536357633691
0.001494007098918684
0.001493474326376603
0.001492938041260501
0.001492398244831694
0.001491854938359753
0.001491308123122507
0.001490757800406039
0.001490203971504678
0.001489646637721001
0.001489085800365827
0.001488521460758218
0.001487953620225471
0.001487382280103117
0.001486807441734918
0.001486229106472865
0.001485647275677172
0.001485061950716275
0.001484473132966827
0.001483880823813698
0.001483285024649968
0.001482685736876925
0.001482082961904063
0.001481476701149077
0.001480866956037863
0.001480253728004507
0.001479637018491291
0.001479016828948683
0.001478393160835338
0.001477766015618089
0.00147713539477195
0.001476501299780109
0.001475863732133923
0.00147522269333292
0.001474578184884788
0.001473930208305379
0.001473278765118699
0.001472623856856908
0.001471965485060319
0.001471303651277385
0.001470638357064707
0.001469969603987021
0.0014692973936172
0.001468621727536249
0.001467942607333297
0.001467260034605601
0.001466574010958537
0.001465884538005597
0.001465191617368384
0.001464495250676612
0.0014637954395681
0.001463092185688768
0.00146238549069263
0.001461675356241798
0.001460961784006471
0.001460244775664934
0.001459524332903552
0.001458800457416771
0.001458073150907107
0.001457342415085148
0.001456608251669545
0.001455870662387015
0.001455129648972327
0.001454385213168308
0.001453637356725831
0.001452886081403816
0.001452131388969224
0.001451373281197052
0.001450611759870329
0.001449846826780116
0.001449078483725494
0.001448306732513566
0.001447531574959452
0.001446753012886281
0.001445971048125191
0.001445185682515323
0.001444396917903815
0.001443604756145802
0.001442809199104406
0.001442010248650736
0.001441207906663882
0.001440402175030911
0.001439593055646862
0.001438780550414741
0.001437964661245519
0.001437145390058124
0.00143632273877944
0.0014354967093443
0.001434667303695482
0.001433834523783706
0.001432998371567625
0.001432158849013827
0.001431315958096826
0.001430469700799056
0.001429620079110872
0.001428767095030538
0.00142791075056423
0.001427051047726025
0.0014261879885379
0.001425321575029725
0.001424451809239258
0.001423578693212146
0.00142270222900191
0.001421822418669949
0.001420939264285532
0.001420052767925791
0.00141916293167572
0.001418269757628168
0.001417373247883834
0.001416473404551261
0.001415570229746835
0.001414663725594776
0.001413753894227134
0.001412840737783786
0.001411924258412428
0.001411004458268573
0.001410081339515541
0.001409154904324461
0.00140822515487426
0.00140729209335166
0.001406355721951174
0.001405416042875098
0.001404473058333509
0.001403526770544258
0.001402577181732964
0.001401624294133011
0.00140066810998554
0.001399708631539448
0.001398745861051377
0.001397779800785715
0.001396810453014583
0.001395837820017839
0.001394861904083065
0.001393882707505563
0.001392900232588353
0.001391914481642166
0.001390925456985437
0.001389933160944299
0.001388937595852582
0.001387938764051803
0.001386936667891163
0.001385931309727539
0.001384922691925482
0.001383910816857209
0.001382895686902597
0.001381877304449179
0.001380855671892137
0.001379830791634299
0.001378802666086129
0.001377771297665726
0.001376736688798814
0.001375698841918739
0.001374657759466464
0.00137361344389056
0.001372565897647204
0.001371515123200169
0.001370461123020822
0.001369403899588118
0.001368343455388591
0.00136727979291635
0.001366212914673075
0.001365142823168007
0.001364069520917946
0.001362993010447243
0.001361913294287796
0.00136083037497904
0.001359744255067945
0.001358654937109008
0.00135756242366425
0.001356466717303205
0.001355367820602917
0.001354265736147935
0.001353160466530303
0.001352052014349558
0.001350940382212723
0.001349825572734299
0.001348707588536258
0.001347586432248043
0.001346462106506554
0.001345334613956147
0.001344203957248627
0.001343070139043238
0.001341933162006663
0.001340793028813012
0.001339649742143819
0.001338503304688036
0.001337353719142023
0.001336200988209546
0.001335045114601769
0.001333886101037245
0.001332723950241915
0.001331558664949097
0.001330390247899481
0.001329218701841124
0.001328044029529441
0.0013268662337272
0.001325685317204516
0.001324501282738843
0.001323314133114969
0.001322123871125008
0.001320930499568394
0.001319734021251875
0.001318534438989506
0.001317331755602642
0.001316125973919933
0.001314917096777313
0.001313705127017999
0.001312490067492481
0.001311271921058517
0.001310050690581122
0.001308826378932567
0.001307598988992371
0.00130636852364729
0.001305134985791316
0.001303898378325664
0.001302658704158771
0.001301415966206287
0.001300170167391067
0.001298921310643165
0.001297669398899826
0.001296414435105483
0.001295156422211745
0.001293895363177394
0.001292631260968373
0.001291364118557786
0.001290093938925887
0.001288820725060071
0.001287544479954872
0.001286265206611951
0.001284982908040094
0.0012836975872552
0.001282409247280275
0.00128111789114543
0.001279823521887867
0.001278526142551874
0.001277225756188821
0.001275922365857149
0.001274615974622365
0.001273306585557032
0.001271994201740765
0.001270678826260224
0.001269360462209102
0.001268039112688124
0.001266714780805036
0.001265387469674596
0.001264057182418571
0.001262723922165729
0.001261387692051828
0.001260048495219612
0.001258706334818802
0.00125736121400609
0.00125601313594513
0.001254662103806531
0.001253308120767852
0.001251951190013589
0.001250591314735173
0.001249228498130961
0.001247862743406226
0.001246494053773152
0.001245122432450827
0.001243747882665232
0.001242370407649237
0.001240990010642591
0.001239606694891918
0.001238220463650703
0.00123683132017929
0.001235439267744873
0.001234044309621487
0.00123264644909
0.001231245689438108
0.001229842033960325
0.001228435485957976
0.001227026048739188
0.001225613725618886
0.001224198519918778
0.001222780434967356
0.001221359474099881
0.00121993564065838
0.001218508937991635
0.001217079369455177
0.001215646938411276
0.001214211648228937
0.001212773502283885
0.001211332503958568
0.001209888656642137
0.001208441963730446
0.001206992428626043
0.001205540054738157
0.001204084845482698
0.001202626804282242
0.001201165934566026
0.001199702239769938
0.001198235723336515
0.001196766388714926
0.00119529423936097
0.001193819278737066
0.001192341510312243
0.001190860937562138
0.00118937756396898
0.001187891393021587
0.001186402428215355
0.001184910673052252
0.00118341613104081
0.001181918805696113
0.001180418700539793
0.001178915819100019
0.00117741016491149
0.001175901741515426
0.001174390552459561
0.001172876601298134
0.001171359891591878
0.001169840426908016
0.001168318210820251
0.001166793246908754
0.001165265538760163
0.001163735089967566
0.001162201904130502
0.001160665984854942
0.001159127335753288
0.001157585960444365
0.001156041862553407
0.00115449504571205
0.001152945513558329
0.001151393269736663
0.001149838317897848
0.00114828066169905
0.001146720304803795
0.001145157250881963
0.001143591503609774
0.001142023066669785
0.001140451943750879
0.001138878138548253
0.001137301654763417
0.001135722496104179
0.001134140666284638
0.001132556169025174
0.001130969008052445
0.001129379187099368
0.001127786709905122
0.001126191580215129
0.001124593801781052
0.001122993378360782
0.001121390313718432
0.001119784611624328
0.001118176275854996
0.00111656531019316
0.001114951718427726
0.001113335504353778
0.001111716671772569
0.001110095224491508
0.001108471166324155
0.00110684450109021
0.001105215232615506
0.001103583364731998
0.001101948901277753
0.001100311846096945
0.001098672203039843
0.001097029975962802
0.001095385168728254
0.001093737785204702
0.001092087829266704
0.001090435304794873
0.001088780215675859
0.001087122565802347
0.001085462359073043
0.001083799599392666
0.001082134290671941
0.001080466436827587
0.001078796041782311
0.001077123109464795
0.001075447643809688
0.001073769648757598
0.001072089128255084
0.001070406086254641
0.001068720526714697
0.0010670324535996
0.001065341870879612
0.001063648782530894
0.001061953192535502
0.001060255104881376
0.00105855452356233
0.001056851452578043
0.001055145895934049
0.001053437857641728
0.0010517273417183
0.001050014352186806
0.001048298893076111
0.001046580968420885
0.001044860582261597
0.001043137738644506
0.001041412441621651
0.001039684695250841
0.001037954503595645
0.001036221870725385
0.001034486800715123
0.001032749297645653
0.001031009365603492
0.001029267008680871
0.001027522230975722
0.001025775036591671
0.001024025429638029
0.001022273414229782
0.001020518994487577
0.001018762174537718
0.001017002958512156
0.001015241350548475
0.001013477354789886
0.001011710975385214
0.001009942216488892
0.00100817108226095
0.001006397576867002
0.001004621704478242
0.001002843469271429
0.00100106287542888
0.0009992799271384594
0.0009974946285935684
0.0009957069839931368
0.0009939169975416118
0.000992124673448948
0.0009903300159305996
0.0009885330292075067
0.0009867337175060895
0.0009849320850582354
0.0009831281361012904
0.0009813218748780482
0.0009795133056367422
0.0009777024326310325
0.0009758892601199991
0.0009740737923681288
0.0009722560336453078
0.0009704359882268101
0.000968613660393288
0.000966789054430762
0.0009649621746306102
0.0009631330252895592
0.0009613016107096731
0.0009594679351983441
0.0009576320030682816
0.0009557938186375023
0.0009539533862293209
0.0009521107101723385
0.0009502657948004336
0.0009484186444527511
0.000946569263473693
0.000944717656212907
0.0009428638270252773
0.0009410077802709138
0.000939149520315142
0.0009372890515284928
0.0009354263782866921
0.0009335615049706505
0.0009316944359664535
0.00092982517566535
0.0009279537284637431
0.0009260800987631796
0.0009242042909703395
0.0009223263094970245
0.00092044615876015
0.0009185638431817329
0.0009166793671888813
0.0009147927352137851
0.0009129039516937044
0.0009110130210709602
0.0009091199477929229
0.0009072247363120025
0.0009053273910856381
0.0009034279165762868
0.0009015263172514144
0.0008996225975834833
0.0008977167620499434
0.000895808815133221
0.0008938987613207075
0.0008919866051047512
0.0008900723509826435
0.000888156003456611
0.0008862375670338031
0.0008843170462262829
0.0008823944455510155
0.0008804697695298576
0.0008785430226895477
0.0008766142095616938
0.0008746833346827643
0.0008727504025940765
0.0008708154178417864
0.0008688783849768778
0.0008669393085551506
0.0008649981931372127
0.0008630550432884664
0.0008611098635790987
0.0008591626585840718
0.0008572134328831108
0.0008552621910606924
0.000853308937706037
0.0008513536774130943
0.0008493964147805354
0.0008474371544117401
0.0008454759009147869
0.0008435126589024421
0.0008415474329921491
0.0008395802278060173
0.0008376110479708106
0.0008356398981179382
0.0008336667828834418
0.0008316917069079858
0.0008297146748368465
0.0008277356913199007
0.0008257547610116145
0.0008237718885710333
0.00082178707866177
0.0008198003359519946
0.0008178116651144223
0.0008158210708263039
0.0008138285577694136
0.0008118341306300387
0.0008098377940989682
0.0008078395528714817
0.0008058394116473389
0.0008038373751307682
0.0008018334480304551
0.0007998276350595323
0.0007978199409355678
0.0007958103703805534
0.0007937989281208951
0.0007917856188874005
0.0007897704474152681
0.0007877534184440766
0.0007857345367177733
0.0007837138069846635
0.000781691233997398
0.0007796668225129636
0.0007776405772926713
0.0007756125031021438
0.0007735826047113068
0.0007715508868943759
0.0007695173544298455
0.0007674820121004785
0.0007654448646932944
0.0007634059169995579
0.0007613651738147679
0.0007593226399386467
0.0007572783201751275
0.0007552322193323444
0.0007531843422226203
0.0007511346936624557
0.0007490832784725175
0.0007470301014776275
0.0007449751675067516
0.0007429184813929876
0.0007408600479735544
0.0007387998720897802
0.0007367379585870922
0.0007346743123150034
0.0007326089381271028
0.0007305418408810428
0.0007284730254385293
0.0007264024966653083
0.0007243302594311562
0.0007222563186098671
0.0007201806790792421
0.0007181033457210777
0.0007160243234211538
0.0007139436170692229
0.0007118612315589983
0.0007097771717881425
0.0007076914426582557
0.0007056040490748646
0.0007035149959474104
0.0007014242881892375
0.000699331930717582
0.0006972379284535597
0.0006951422863221555
0.0006930450092522106
0.0006909461021764117
0.0006888455700312793
0.0006867434177571557
0.0006846396502981941
0.0006825342726023459
0.0006804272896213504
0.0006783187063107219
0.0006762085276297388
0.0006740967585414319
0.000671983404012572
0.0006698684690136596
0.0006677519585189117
0.000665633877506251
0.0006635142309572939
0.0006613930238573393
0.0006592702611953558
0.0006571459479639711
0.0006550200891594593
0.00065289268978173
0.000650763754834316
0.0006486332893243617
0.0006465012982626112
0.0006443677866633969
0.000642232759544627
0.0006400962219277745
0.0006379581788378649
0.0006358186353034643
0.0006336775963566681
0.0006315350670330886
0.0006293910523718433
0.0006272455574155436
0.0006250985872102819
0.0006229501468056207
0.0006208002412545802
0.0006186488756136265
0.0006164960549426599
0.0006143417843050027
0.0006121860687673875
0.0006100289133999454
0.0006078703232761935
0.0006057103034730238
0.0006035488590706906
0.0006013859951527988
0.0005992217168062921
0.0005970560291214405
0.000594888937191829
0.0005927204461143453
0.0005905505609891678
0.0005883792869197534
0.0005862066290128259
0.0005840325923783641
0.0005818571821295889
0.0005796804033829523
0.0005775022612581249
0.0005753227608779836
0.0005731419073686001
0.0005709597058592287
0.000568776161482294
0.0005665912793733787
0.0005644050646712123
0.0005622175225176578
0.0005600286580577011
0.0005578384764394374
0.0005556469828140602
0.0005534541823358486
0.0005512600801621554
0.0005490646814533949
0.000546867991373031
0.0005446700150875643
0.000542470757766521
0.0005402702245824401
0.0005380684207108613
0.0005358653513303129
0.0005336610216222996
0.0005314554367712903
0.0005292486019647061
0.0005270405223929076
0.0005248312032491835
0.0005226206497297375
0.0005204088670336767
0.0005181958603629989
0.000515981634922581
0.0005137661959201661
0.0005115495485663518
0.0005093316980745771
0.0005071126496611117
0.0005048924085450417
0.0005026709799482591
0.0005004483690954484
0.0004982245812140751
0.0004959996215343724
0.0004937734952893302
0.0004915462077146816
0.0004893177640488912
0.0004870881695331428
0.0004848574294113271
0.0004826255489300285
0.0004803925333385142
0.0004781583878887209
0.0004759231178352425
0.0004736867284353181
0.0004714492249488194
0.0004692106126382383
0.0004669708967686746
0.0004647300826078238
0.0004624881754259643
0.0004602451804959453
0.0004580011030931744
0.0004557559484956051
0.0004535097219837242
0.0004512624288405399
0.0004490140743515689
0.000446764663804824
0.0004445142024908021
0.0004422626957024713
0.0004400101487352585
0.0004377565668870372
0.0004355019554581147
0.0004332463197512202
0.0004309896650714915
0.0004287319967264631
0.0004264733200260539
0.000424213640282554
0.0004219529628106127
0.000419691292927226
0.0004174286359517241
0.0004151649972057585
0.00041290038201329
0.0004106347957005758
0.0004083682435961573
0.0004061007310308473
0.0004038322633377175
0.0004015628458520861
0.000399292483911505
0.0003970211828557477
0.0003947489480267962
0.0003924757847688288
0.0003902016984282073
0.0003879266943534648
0.0003856507778952926
0.0003833739544065279
0.0003810962292421414
0.0003788176077592241
0.0003765380953169758
0.0003742576972766909
0.0003719764190017473
0.0003696942658575931
0.0003674112432117337
0.00036512735643372
0.0003628426108951349
0.0003605570119695812
0.000358270565032669
0.0003559832754620026
0.0003536951486371682
0.0003514061899397213
0.0003491164047531738
0.0003468257984629816
0.0003445343764565317
0.0003422421441231295
0.0003399491068539865
0.0003376552700422071
0.0003353606390827764
0.0003330652193725473
0.0003307690163102277
0.0003284720352963679
0.0003261742817333478
0.0003238757610253646
0.0003215764785784196
0.0003192764398003056
0.0003169756501005943
0.0003146741148906238
0.0003123718395834851
0.0003100688295940103
0.0003077650903387592
0.0003054606272360069
0.000303155445705731
0.0003008495511695986
0.000298542949050954
0.0002962356447748055
0.0002939276437678131
0.0002916189514582751
0.000289309573276116
0.0002869995146528734
0.000284688781021685
0.0002823773778172767
0.0002800653104759486
0.0002777525844355629
0.0002754392051355314
0.0002731251780168019
0.0002708105085218461
0.0002684952020946466
0.0002661792641806838
0.0002638627002269234
0.0002615455156818037
0.0002592277159952223
0.0002569093066185239
0.0002545902930044869
0.0002522706806073111
0.0002499504748826043
0.00024762968128737
0.0002453083052799944
0.0002429863523202334
0.0002406638278691997
0.0002383407373893506
0.0002360170863444742
0.0002336928801996773
0.0002313681244213722
0.0002290428244772638
0.0002267169858363372
0.0002243906139688442
0.0002220637143462908
0.0002197362924414244
0.0002174083537282204
0.0002150799036818704
0.0002127509477787681
0.0002104214914964973
0.0002080915403138182
0.0002057610997106557
0.0002034301751680853
0.0002010987721683209
0.0001987668961947017
0.0001964345527316795
0.0001941017472648055
0.0001917684852807175
0.0001894347722671273
0.0001871006137128073
0.0001847660151075779
0.0001824309819422946
0.0001800955197088351
0.0001777596339000862
0.0001754233300099309
0.0001730866135332358
0.000170749489965838
0.000168411964804532
0.000166074043547057
0.000163735731692084
0.0001613970347392027
0.0001590579581889088
0.0001567185075425908
0.0001543786883025175
0.0001520385059718246
0.0001496979660545021
0.0001473570740553814
0.000145015835480122
0.000142674255835199
0.0001403323406278903
0.000137990095366263
0.0001356475255591612
0.0001333046367161929
0.0001309614343477168
0.0001286179239648299
0.0001262741110793542
0.0001239300012038243
0.0001215855998514739
0.0001192409125362237
0.0001168959447726682
0.0001145507020760627
0.0001122051899623111
0.0001098594139479528
0.0001075133795501501
0.0001051670922866757
0.0001028205576758999
0.0001004737812367784
9.81267684888398e-05
9.577952495217339e-05
9.343205614741696e-05
9.108436759574496e-05
8.873646481885678e-05
8.638835333896539e-05
8.404003867878625e-05
8.169152636152675e-05
7.934282191087627e-05
7.699393085099685e-05
7.464485870651503e-05
7.229561100251479e-05
6.994619326453222e-05
6.759661101855241e-05
6.524686979100931e-05
6.289697510878944e-05
6.054693249924107e-05
5.819674749019088e-05
5.5846425609971e-05
5.349597238746054e-05
5.114539335214834e-05
4.879469403422588e-05
4.644387996472556e-05
4.40929566757262e-05
4.17419297006627e-05
3.939080457479783e-05
3.703958683595483e-05
3.468828202567952e-05
3.233689569113089e-05
2.998543338825078e-05
2.763390068726504e-05
2.528230318262615e-05
2.293064651185765e-05
2.057893639334066e-05
1.822717870739406e-05
1.587537968530267e-05
1.352354639835725e-05
1.117168820564653e-05
8.81982189785033e-06
6.467995475736767e-06
4.116455830582225e-06
1.768383366666071e-06
